2,83,91,74,8,63,3,3
11 13 85 85 11 11 11 11 11 11 15 11 11 11 11 13 13 11 11 85 11 11 11 12 11 11 11 87 11 11 11 11 11 11 11 11 11 11 13 11 11 86 11 11 11 11 12 11 11 11 13 11 11 11 11 11 11 11 11 11 11 11 11 11 11 11 11 13 11 11 15 11 6 1 0 2 10 11 11 84 11 87 11 14 11 85 11 11 13 86 11 
11 11 85 11 11 12 22 23 87 87 84 84 11 85 11 11 86 11 86 11 84 11 11 11 11 84 11 14 11 22 23 11 11 84 84 11 12 12 11 86 11 86 11 11 85 11 11 11 85 11 11 11 85 11 18 19 11 85 85 11 11 11 11 12 11 84 11 11 85 11 11 11 6 1 2 0 10 11 84 84 11 11 85 11 11 11 22 23 11 11 11 
86 11 11 87 84 11 20 21 11 11 11 11 11 11 85 11 11 11 86 11 84 11 85 11 11 87 11 11 87 20 21 87 11 85 84 84 11 11 85 11 11 11 11 11 11 11 86 11 11 15 11 11 11 11 16 17 11 87 11 11 11 22 23 11 11 11 11 14 11 11 86 11 6 0 1 2 10 11 11 87 11 11 11 11 11 15 20 21 11 86 11 
11 11 85 84 84 11 86 11 86 11 87 11 84 84 12 11 22 23 14 11 84 12 11 86 11 11 84 11 11 11 11 15 11 11 11 84 11 11 18 19 86 11 87 11 84 84 11 11 85 11 87 84 84 14 11 11 12 11 87 87 84 20 21 11 11 85 11 11 87 11 11 12 6 0 1 0 10 11 11 87 22 23 11 12 84 11 11 11 86 11 11 
22 23 11 11 84 11 85 11 12 18 19 14 11 11 87 11 20 21 11 86 11 11 87 11 11 11 11 11 11 84 84 84 11 87 11 84 84 11 16 17 15 11 11 87 85 11 11 22 23 11 11 84 84 86 11 85 11 84 11 86 11 84 11 15 11 86 11 84 87 18 19 11 6 1 1 1 10 11 85 11 20 21 11 11 84 85 11 11 11 85 11 
20 21 14 11 84 15 11 84 11 16 17 11 86 11 85 11 11 11 11 11 11 84 11 18 19 11 86 11 11 85 11 11 85 85 11 11 84 84 11 12 11 85 11 11 11 11 11 20 21 11 11 11 84 11 11 84 11 11 84 11 11 11 85 84 11 86 11 11 11 16 17 11 6 2 2 1 10 11 11 85 11 11 11 86 11 11 18 19 11 85 11 
11 11 86 11 85 11 11 11 11 86 11 11 11 11 11 11 85 11 11 11 15 11 11 16 17 11 11 11 11 11 11 11 11 11 13 11 11 11 11 11 11 85 11 14 86 11 11 11 11 11 11 85 11 11 11 15 11 13 11 11 11 11 11 11 11 11 11 85 11 11 11 11 121 7 7 7 120 11 11 11 11 11 12 11 11 11 16 17 11 14 11 
11 86 11 11 85 12 12 11 85 13 11 30 31 31 31 31 31 31 31 31 31 31 31 31 31 31 31 31 31 31 31 31 31 31 31 31 31 31 31 31 31 31 31 31 31 31 31 31 31 31 31 31 31 31 31 31 31 31 31 31 31 31 31 31 31 31 31 31 31 31 31 31 31 31 27 31 31 31 31 32 13 11 85 11 11 84 11 11 11 14 11 
11 11 85 11 11 11 85 11 87 11 11 28 13 86 12 84 11 86 18 19 11 85 11 11 14 11 11 11 18 19 12 11 11 84 13 86 86 11 18 19 11 11 11 87 11 11 11 84 11 86 11 11 11 22 23 11 87 11 11 11 11 15 11 18 19 11 12 84 11 86 18 19 118 3 3 3 119 87 11 29 11 11 11 11 11 11 15 11 11 85 11 
15 11 11 11 87 11 11 11 11 11 11 28 22 23 11 11 85 11 16 17 11 86 86 11 84 11 11 87 16 17 11 15 11 84 86 86 84 11 16 17 11 87 85 85 11 14 11 85 12 11 86 86 84 20 21 11 87 87 85 14 11 86 11 16 17 87 11 85 84 13 16 17 6 2 1 1 10 85 87 29 11 11 11 86 86 11 11 84 11 11 11 
11 84 11 85 11 11 14 84 11 22 23 28 20 21 118 3 3 3 3 3 3 3 3 3 3 3 3 3 3 3 3 3 3 3 3 3 3 3 3 3 3 3 3 3 3 3 3 3 3 3 3 3 3 3 3 3 3 3 3 3 3 3 3 3 3 3 3 3 3 3 3 3 5 0 2 1 10 11 84 29 11 11 11 11 11 85 11 11 11 86 11 
11 84 11 84 11 86 11 11 11 20 21 28 11 86 6 2 1 1 1 1 1 1 2 2 0 1 1 1 2 2 2 1 1 1 1 1 1 2 2 2 0 2 2 2 1 1 1 1 1 1 2 2 2 2 2 1 1 1 1 2 1 2 1 2 2 2 0 0 2 2 1 1 1 0 0 1 10 11 12 29 12 11 11 84 11 85 11 11 11 13 11 
11 11 11 84 18 19 11 84 11 87 87 28 85 85 6 2 1 1 1 1 1 1 2 2 0 1 0 2 0 0 0 2 0 0 0 2 0 0 0 0 2 0 0 0 0 0 0 0 2 0 0 0 0 0 0 0 0 0 0 0 0 0 0 0 0 0 0 0 0 0 2 2 1 1 0 1 10 18 19 29 11 11 11 84 87 11 11 86 11 85 11 
11 85 11 11 16 17 11 15 11 11 87 28 11 15 6 2 2 2 1 1 1 1 2 1 1 1 0 0 0 2 2 1 1 1 2 0 0 2 2 2 0 2 2 2 2 2 2 0 2 0 2 2 1 1 1 1 1 2 2 2 2 0 0 0 2 0 2 2 2 0 2 2 1 1 0 1 10 16 17 29 11 86 11 11 87 11 11 11 11 85 11 
11 11 86 86 11 11 11 11 12 11 11 28 22 23 6 2 0 2 8 7 7 7 7 7 7 7 7 7 7 7 7 7 7 7 7 7 7 7 7 7 7 7 7 7 7 7 9 2 2 0 8 7 7 7 7 7 7 7 7 7 7 7 7 7 7 7 7 7 7 7 7 7 9 2 0 1 10 11 11 29 11 11 11 15 11 22 23 11 12 11 11 
11 11 11 11 86 13 84 84 85 11 11 28 20 21 6 1 0 0 10 118 3 3 3 3 3 3 3 3 3 3 3 3 3 3 3 3 3 3 3 3 3 3 119 85 11 13 6 0 0 1 10 118 3 3 3 3 3 3 3 3 3 3 3 3 3 3 3 3 3 3 3 119 6 0 0 1 10 13 84 29 14 11 85 11 11 20 21 11 84 84 11 
11 85 11 84 84 84 11 11 11 11 11 28 14 87 6 1 2 0 10 6 127 128 128 128 128 0 1 1 0 128 128 128 128 128 128 128 128 128 128 128 128 129 10 11 11 11 6 2 0 1 10 6 127 128 128 128 128 128 128 128 128 2 1 2 128 128 128 128 128 128 129 10 6 0 0 1 10 15 86 29 11 11 11 12 11 11 11 11 11 11 11 
11 14 11 84 11 85 11 11 11 11 11 28 11 85 6 1 2 2 10 6 125 109 109 109 109 0 1 1 1 109 109 109 109 109 109 109 109 109 2 0 109 126 10 18 19 11 6 1 0 2 10 6 125 0 179 1 0 0 2 1 0 0 0 0 1 0 88 0 0 1 126 10 6 2 0 2 10 11 85 29 11 87 11 11 86 13 85 11 11 84 11 
11 11 11 11 11 85 12 11 11 85 11 28 84 85 6 2 0 2 10 6 125 109 109 109 109 0 2 2 1 109 109 109 109 109 109 109 109 0 2 1 109 126 10 16 17 11 6 1 0 2 10 6 125 2 0 0 0 184 185 2 180 181 2 0 2 0 2 180 181 1 126 10 6 2 0 2 10 11 11 29 11 11 11 11 86 11 11 11 87 11 11 
11 87 11 84 11 11 12 22 23 13 11 28 11 12 6 2 0 0 10 6 125 109 109 109 109 109 0 2 1 0 0 0 109 0 2 2 2 0 109 109 109 126 10 11 11 14 6 1 0 2 10 6 125 0 180 181 179 186 187 1 182 183 0 2 184 185 1 182 183 0 126 10 6 2 0 2 10 84 11 29 11 11 18 19 11 87 87 11 87 11 11 
11 11 11 11 11 86 11 20 21 13 11 28 87 11 6 2 2 0 10 6 125 109 109 109 109 109 109 0 2 0 1 1 0 0 2 1 0 109 109 109 109 126 10 11 15 11 6 1 0 2 10 6 125 0 182 183 1 184 185 2 1 2 0 0 186 187 1 2 179 0 126 10 6 1 0 2 10 11 14 29 11 11 16 17 11 11 85 15 11 11 11 
11 22 23 11 11 86 11 11 11 11 87 28 18 19 6 2 0 0 10 6 125 109 109 109 109 0 0 0 2 0 109 109 109 109 109 109 109 109 109 109 109 126 10 85 22 23 6 2 2 0 10 6 125 0 1 2 0 186 187 1 180 181 2 88 2 2 0 0 0 2 126 10 6 1 2 2 10 11 11 29 11 11 11 11 87 11 11 11 85 11 14 
11 20 21 11 11 11 11 86 11 11 11 28 16 17 6 0 0 2 10 6 125 109 109 109 1 2 2 2 2 0 109 109 109 109 109 109 109 109 109 109 109 126 10 85 20 21 6 0 0 2 10 6 125 1 180 181 1 0 2 179 182 183 1 0 184 185 0 180 181 2 126 10 6 1 2 0 10 22 23 29 11 84 11 11 84 11 11 11 11 11 11 
11 11 11 15 11 85 11 11 85 11 11 28 11 11 6 0 2 2 10 6 125 109 109 2 1 2 0 109 0 1 1 0 0 109 109 109 109 109 109 109 109 126 10 13 11 11 6 2 2 2 10 6 125 1 182 183 0 0 0 0 2 2 1 2 186 187 0 182 183 1 126 10 6 0 2 0 10 20 21 29 11 11 11 11 11 11 11 86 11 11 11 
11 11 84 11 84 11 86 11 11 11 11 28 86 11 6 0 2 1 10 6 125 109 1 2 1 1 109 109 1 2 2 2 0 0 109 109 109 109 109 109 109 126 10 11 11 11 6 2 0 0 10 6 125 0 88 1 1 184 185 2 1 1 0 0 2 1 0 2 2 1 126 10 6 0 1 2 10 11 11 29 11 11 85 11 11 85 11 11 11 11 85 
85 11 11 11 11 11 86 11 11 14 11 28 85 11 6 2 0 1 10 6 125 109 1 1 109 109 109 109 109 109 0 2 2 0 109 109 109 109 109 109 109 126 10 11 22 23 6 1 0 2 10 6 125 1 1 1 0 186 187 1 180 181 2 0 1 2 0 180 181 0 126 10 6 2 1 2 10 11 11 29 14 11 11 11 85 85 11 12 11 11 11 
11 11 85 85 11 11 86 11 18 19 11 28 11 14 6 2 0 1 10 6 125 109 1 1 1 109 109 109 109 109 109 109 1 2 0 109 109 109 109 109 109 126 10 11 20 21 6 1 2 0 10 6 125 0 180 181 1 1 1 1 182 183 2 0 184 185 0 182 183 0 126 10 6 2 0 2 10 86 84 29 11 11 11 11 11 11 11 11 87 11 11 
11 87 11 84 84 11 86 11 16 17 11 28 11 85 6 2 0 1 10 6 125 109 109 109 109 109 109 109 109 109 109 0 0 2 2 0 109 109 109 109 109 126 10 11 11 11 6 1 0 0 10 6 125 0 182 183 2 184 185 2 88 1 0 0 186 187 0 0 2 1 126 10 6 2 0 2 10 84 84 29 13 11 84 11 84 84 11 11 11 11 11 
11 11 11 11 11 11 11 11 84 84 11 28 15 11 6 0 0 2 10 6 125 109 109 109 109 109 109 109 109 0 2 2 1 1 2 2 1 1 109 109 109 126 10 11 14 11 6 2 0 2 10 6 125 0 180 181 2 186 187 1 1 1 179 0 1 2 88 180 181 1 126 10 6 0 0 1 10 11 14 29 11 11 84 11 12 11 11 85 11 84 11 
11 86 11 12 22 23 11 11 11 11 11 28 11 86 6 2 0 2 10 6 125 109 109 109 109 109 109 109 109 2 2 0 109 109 1 2 2 2 1 1 109 126 10 11 85 11 6 2 0 2 10 6 125 0 182 183 0 0 0 1 180 181 2 0 184 185 1 182 183 0 126 10 6 0 0 1 10 12 86 29 11 11 11 86 11 85 11 11 11 84 11 
11 11 11 11 20 21 11 87 11 85 11 28 18 19 6 1 0 2 10 6 125 109 109 109 109 109 109 109 2 2 109 109 109 109 109 109 109 2 2 2 109 126 10 18 19 11 6 0 0 1 10 6 125 2 180 181 1 0 1 0 182 183 1 2 186 187 2 180 181 0 126 10 6 0 0 1 10 11 11 29 11 87 11 86 87 11 11 18 19 11 84 
11 11 11 86 11 11 11 11 11 86 11 28 16 17 6 1 0 2 10 6 125 109 109 109 109 109 109 2 2 0 109 109 109 109 109 109 1 1 2 1 109 126 10 16 17 11 6 0 1 1 10 6 125 2 182 183 179 184 185 0 0 2 0 0 1 0 0 182 183 2 126 10 6 2 0 1 10 22 23 29 11 11 11 11 11 87 11 16 17 11 11 
14 11 85 11 11 11 86 11 11 11 11 28 12 11 6 1 0 2 10 6 125 109 109 109 2 1 1 2 0 109 109 109 109 109 109 109 109 1 1 1 109 126 10 11 11 11 6 1 1 2 10 6 125 1 0 0 0 186 187 2 180 181 1 0 2 179 0 1 0 1 126 10 6 2 1 0 10 20 21 29 11 85 11 87 87 86 11 15 11 12 11 
11 11 11 13 11 85 85 11 85 12 11 28 11 11 6 2 0 2 10 6 125 109 109 1 1 2 2 0 109 109 109 109 109 109 109 109 109 1 2 109 109 126 10 11 18 19 6 1 0 2 10 6 125 1 180 181 0 2 2 1 182 183 2 0 184 185 0 0 2 0 126 10 6 1 1 0 10 87 87 29 11 11 11 11 11 11 87 84 11 12 11 
11 15 84 84 11 11 11 11 11 11 11 28 87 85 6 2 0 1 10 6 125 109 1 1 2 1 109 109 109 109 109 109 109 109 109 109 109 0 1 1 109 126 10 15 16 17 6 1 0 2 10 6 125 1 182 183 0 2 2 179 2 2 0 0 186 187 1 0 88 1 126 10 6 1 1 0 10 15 85 29 11 11 11 85 11 11 11 11 84 11 11 
11 11 84 84 11 86 11 15 11 84 14 28 87 87 6 2 0 1 10 6 125 109 2 1 109 109 109 109 109 109 109 109 109 109 109 109 109 109 2 1 109 126 10 11 11 11 6 1 2 0 10 6 125 88 2 1 1 1 0 2 1 0 2 179 1 1 1 0 2 0 126 10 6 1 2 2 10 11 13 29 11 86 11 11 12 87 86 11 11 84 11 
11 11 84 11 11 11 86 11 11 85 11 28 11 11 6 2 0 1 10 6 125 109 109 109 109 109 109 0 109 1 2 109 109 109 109 109 109 109 2 2 109 126 10 22 23 11 6 1 0 2 10 6 122 123 123 123 123 0 0 1 2 123 123 123 123 123 123 123 123 123 124 10 6 1 0 2 10 11 86 29 11 11 14 11 11 11 11 11 11 11 11 
11 86 11 11 11 11 18 19 11 87 11 28 11 14 6 2 0 1 10 6 125 109 109 109 109 109 109 0 0 1 2 2 1 1 109 109 109 1 1 1 109 126 10 20 21 118 5 2 2 2 10 121 7 7 7 7 7 7 7 7 7 7 7 7 7 7 7 7 7 7 7 120 6 1 0 1 10 11 11 29 13 84 11 11 22 23 11 11 85 11 11 
11 86 85 85 12 11 16 17 11 11 11 28 84 86 6 0 0 1 10 6 125 109 109 109 109 109 0 1 1 0 1 2 1 2 1 109 1 1 1 109 109 126 10 11 118 5 2 0 2 2 4 3 3 3 3 3 3 3 3 3 3 3 3 3 3 3 3 3 3 3 3 3 5 1 0 1 10 22 23 29 11 84 15 11 20 21 11 11 11 11 11 
11 11 85 11 11 11 11 11 11 86 11 28 22 23 6 0 0 1 10 6 125 109 109 109 109 0 0 2 0 192 2 1 1 1 1 1 2 1 1 109 109 126 10 118 5 2 2 0 0 0 0 2 2 1 1 2 2 2 2 2 1 0 0 0 0 0 2 1 1 1 1 1 1 1 0 1 10 20 21 29 11 11 11 11 11 11 11 84 84 84 11 
11 86 85 11 84 84 11 11 86 86 11 28 20 21 6 2 0 2 10 6 125 109 109 109 109 109 0 0 1 193 1 1 1 192 1 1 1 0 109 109 109 126 10 6 1 2 0 0 2 2 0 0 2 1 1 2 0 0 0 0 1 0 2 0 0 0 2 1 1 2 2 1 1 0 0 1 10 11 11 29 11 11 84 11 11 84 11 84 11 11 11 
11 86 11 11 11 11 11 85 11 11 11 28 11 11 6 2 0 1 10 6 125 109 109 109 109 0 1 192 1 1 1 1 1 193 0 0 109 109 109 109 109 126 10 6 1 0 2 0 0 0 2 0 1 1 1 1 0 2 2 1 1 0 2 2 1 1 1 1 0 0 0 0 0 0 0 2 10 84 84 29 11 11 18 19 11 11 11 11 11 11 85 
86 11 11 11 84 87 13 11 11 11 11 28 11 87 6 1 1 0 10 6 125 109 109 109 109 109 1 193 0 2 2 2 2 1 1 109 109 109 109 109 109 126 10 6 2 0 1 8 7 7 7 7 7 7 7 7 7 7 7 7 7 7 7 7 7 7 7 7 7 7 7 7 9 2 0 2 10 84 11 29 11 11 16 17 11 87 85 11 86 11 11 
11 11 11 86 11 11 11 11 86 11 11 28 84 11 6 2 1 1 10 6 125 109 109 109 109 109 0 0 0 1 1 1 2 1 109 109 109 109 109 109 109 126 10 6 2 0 1 10 11 118 3 3 3 3 3 3 3 3 3 3 3 3 3 3 3 3 3 3 3 3 3 119 6 2 0 0 10 11 85 29 11 11 11 87 87 11 11 11 86 86 11 
11 11 86 12 11 86 11 22 23 11 14 28 84 12 6 0 0 1 10 6 125 109 109 109 109 109 109 0 0 109 0 2 1 109 109 109 109 109 109 109 109 126 10 6 0 0 1 10 11 6 127 128 128 128 128 128 128 128 128 128 128 128 128 128 128 128 128 128 128 128 129 10 6 2 0 0 10 11 85 29 11 87 11 11 85 85 11 87 11 11 11 
85 11 11 11 85 11 87 20 21 11 11 28 84 13 6 0 1 0 10 6 125 109 109 109 109 109 109 109 109 109 0 1 1 109 109 109 109 109 109 109 109 126 10 6 0 2 1 10 85 6 125 2 100 100 2 0 0 1 106 2 1 107 2 0 2 0 0 0 2 0 126 10 6 1 0 0 10 15 11 29 11 11 11 11 11 11 11 11 87 14 11 
85 11 11 11 11 11 11 11 84 84 11 28 11 11 6 0 1 0 10 6 125 109 109 109 109 109 109 109 109 0 1 1 109 109 109 109 109 109 109 109 109 126 10 6 2 2 0 10 11 6 1 1 100 1 0 1 1 0 106 0 0 107 107 2 103 0 0 110 110 1 126 10 6 1 0 0 10 87 11 29 11 11 11 11 84 15 11 11 18 19 11 
11 14 86 11 11 11 11 84 84 11 11 28 18 19 6 0 1 0 10 6 125 109 109 109 109 109 109 109 0 0 2 109 109 109 109 109 109 109 109 109 109 126 10 6 0 0 0 10 11 6 1 0 100 0 1 102 1 2 106 106 1 1 107 0 103 1 2 110 110 2 126 10 6 1 0 0 10 14 86 29 11 85 11 11 84 84 11 11 16 17 11 
11 86 11 18 19 12 11 84 11 11 11 28 16 17 6 0 0 0 10 6 125 109 1 2 1 109 109 109 109 1 2 109 109 109 109 109 109 109 109 109 109 126 10 6 0 0 2 10 11 6 2 0 1 1 0 102 102 2 0 2 0 2 107 2 103 103 1 0 1 0 126 10 6 1 0 2 10 18 19 29 11 11 11 11 11 84 11 12 11 11 11 
11 86 11 16 17 11 11 11 11 85 11 28 11 11 6 2 0 2 10 6 125 109 109 1 2 1 1 109 109 1 2 1 109 1 1 1 1 1 109 109 109 126 10 6 2 2 0 10 15 6 125 1 2 100 0 1 102 1 1 0 0 1 0 1 1 103 2 110 0 2 0 10 6 1 1 0 10 16 17 29 11 11 22 23 11 11 86 11 11 11 13 
11 85 11 11 11 11 84 12 11 13 11 28 84 11 6 1 0 1 10 6 125 109 109 1 1 2 2 109 109 2 2 1 1 1 1 2 2 1 109 109 109 126 10 6 2 0 0 10 11 6 125 2 100 100 1 2 1 1 106 106 2 107 2 0 103 103 2 1 110 1 1 10 6 2 0 1 10 11 11 29 11 12 20 21 11 11 11 11 11 85 11 
11 84 84 87 11 85 85 11 87 18 19 28 11 85 6 1 0 1 10 6 125 109 109 1 109 1 2 2 1 2 2 1 2 1 109 1 1 2 1 109 109 126 10 6 0 0 2 10 11 6 125 0 0 100 0 102 102 0 2 106 2 107 0 0 0 0 1 110 0 1 1 10 6 0 0 1 10 11 87 29 11 11 11 11 11 11 85 11 11 11 11 
11 84 11 11 11 85 11 11 11 16 17 28 84 11 6 1 2 2 10 6 125 109 109 109 109 1 1 2 2 1 1 1 1 109 109 109 1 1 2 109 109 126 10 6 0 2 1 10 84 6 125 2 2 0 2 102 2 2 106 0 0 107 0 2 103 103 2 110 110 0 2 10 6 0 2 1 10 85 87 29 11 85 11 11 86 11 11 11 87 85 11 
11 11 13 12 11 11 11 15 11 11 11 28 11 15 6 2 0 0 10 6 125 109 109 109 109 1 1 1 1 1 109 109 109 109 109 109 109 1 1 109 109 126 10 6 0 2 1 10 11 6 125 2 100 2 0 2 102 0 2 2 0 2 2 0 2 0 0 2 110 2 126 10 6 0 1 1 10 11 84 29 11 11 11 14 11 11 87 11 11 11 12 
11 86 11 84 11 11 85 11 11 86 11 28 22 23 6 2 0 1 10 6 125 109 109 109 109 109 109 1 1 1 109 109 109 109 109 109 109 109 109 109 109 126 10 6 0 2 1 10 85 6 125 2 100 100 2 2 102 2 106 106 0 107 107 2 0 0 2 110 2 2 126 10 6 0 1 0 10 87 11 29 11 11 84 84 11 11 18 19 11 86 11 
11 11 11 84 11 11 11 86 11 11 14 28 20 21 6 0 0 1 10 6 125 109 109 109 109 109 109 109 1 1 1 109 109 109 109 109 109 109 109 109 109 126 10 6 0 2 1 10 11 6 125 2 0 100 2 0 2 0 0 106 2 0 107 1 103 103 2 110 110 0 126 10 6 0 1 2 10 11 85 29 13 11 84 11 11 11 16 17 11 11 11 
85 11 11 11 22 23 11 11 12 12 11 28 85 11 6 0 2 1 10 6 125 109 109 109 109 109 109 109 1 2 1 1 1 1 0 109 109 109 109 109 109 126 10 6 0 0 2 10 11 6 125 0 2 2 2 102 102 2 2 106 0 0 107 1 103 103 0 110 110 0 126 10 6 0 0 1 10 22 23 29 11 11 11 11 12 87 11 11 86 11 84 
85 85 11 86 20 21 11 85 11 11 11 28 11 11 6 0 2 1 10 6 2 0 109 109 109 109 109 109 109 1 1 1 2 1 1 1 109 109 109 109 109 126 10 6 1 1 2 10 11 6 125 2 100 100 2 1 102 0 0 2 1 107 2 0 2 103 0 2 0 2 126 10 6 0 0 1 10 20 21 29 11 11 11 85 11 11 11 84 11 11 11 
13 11 11 11 11 11 11 11 87 11 85 28 87 11 6 0 0 2 10 6 0 1 2 1 109 109 109 109 1 1 2 0 109 109 1 1 0 109 109 109 109 126 10 6 1 1 1 10 11 6 125 2 100 2 2 2 102 2 1 1 0 0 2 2 0 0 2 110 110 0 126 10 6 0 0 0 10 11 11 29 11 87 11 11 11 86 87 11 11 11 11 
11 11 85 85 11 11 86 11 84 11 11 28 14 84 6 2 0 2 10 6 0 1 2 1 1 1 109 109 109 2 1 109 109 109 109 1 2 1 2 109 109 126 10 6 1 1 0 10 84 6 125 0 2 0 1 1 0 0 106 2 0 2 107 0 103 2 0 2 0 0 126 10 6 2 0 0 10 84 11 29 11 11 11 11 11 11 11 85 11 13 11 
87 11 11 85 11 11 11 84 84 11 11 28 11 11 6 2 0 0 10 6 0 0 0 1 2 1 1 109 1 2 1 109 109 109 109 1 1 2 1 1 109 126 10 6 2 0 0 10 11 6 125 2 0 100 2 102 1 0 106 106 2 107 107 2 103 2 2 110 1 2 126 10 6 0 2 0 10 85 86 29 11 11 85 11 86 11 11 85 86 12 11 
86 11 84 11 11 11 84 84 11 11 11 28 13 87 6 1 1 2 10 6 125 109 109 109 0 1 1 1 2 1 0 109 109 109 109 109 1 1 109 109 109 126 10 6 2 0 2 10 11 6 125 0 1 2 1 102 1 0 1 106 2 0 107 0 103 103 0 110 110 0 126 10 6 0 2 0 10 85 87 29 11 11 15 11 11 12 11 11 11 11 11 
86 11 11 14 85 11 11 18 19 11 11 28 22 23 6 2 1 1 10 6 125 109 109 109 109 109 1 2 2 0 109 109 109 109 109 109 109 109 109 109 109 126 10 6 2 2 1 10 85 6 125 0 100 100 1 0 102 1 2 0 0 2 107 0 1 103 0 110 110 1 126 10 6 0 0 1 10 11 14 29 11 11 11 11 22 23 11 15 11 85 11 
11 15 11 11 85 11 11 16 17 11 11 28 20 21 6 2 1 0 10 6 125 109 109 109 109 109 1 1 1 1 109 109 109 109 109 109 109 109 109 109 109 126 10 6 0 2 1 10 11 6 125 2 100 100 0 2 2 0 106 106 2 107 2 2 103 1 0 110 110 0 126 10 6 2 0 0 10 12 84 29 11 11 86 11 20 21 11 11 11 85 85 
11 11 86 11 11 11 11 11 11 11 13 28 11 11 6 2 0 0 10 6 125 109 109 109 109 109 109 109 109 1 109 109 109 109 109 109 109 109 109 109 109 126 10 6 0 0 1 10 87 6 125 0 100 2 0 102 102 0 0 2 1 107 1 0 2 0 2 0 1 2 126 10 6 1 1 0 10 15 85 29 11 11 11 11 11 11 11 84 11 11 11 
11 11 11 12 11 84 11 11 11 11 11 28 86 85 6 1 0 0 10 6 122 123 123 123 123 123 123 123 123 123 123 123 123 123 123 123 123 123 123 123 123 124 10 6 2 0 1 10 11 6 122 123 123 123 123 123 123 123 123 123 123 123 123 123 123 123 123 123 123 123 124 10 6 1 2 0 10 22 23 29 11 84 84 11 11 85 11 84 11 12 11 
11 18 19 11 11 11 11 84 11 85 11 28 11 11 6 1 0 2 10 121 7 7 7 7 7 7 7 7 7 7 7 7 7 7 7 7 7 7 7 7 7 7 120 6 1 0 1 10 11 121 7 7 7 7 7 7 7 7 7 7 7 7 7 7 7 7 7 7 7 7 7 120 6 1 0 0 10 20 21 29 11 11 11 11 11 85 11 11 11 11 11 
11 16 17 11 86 86 11 11 11 11 11 28 85 87 6 1 0 2 4 3 3 3 3 3 3 3 3 3 3 3 3 3 3 3 3 3 3 3 3 3 3 3 3 5 1 1 1 4 3 3 3 3 3 3 3 3 3 3 3 3 3 3 3 3 3 3 3 3 3 3 3 3 5 2 0 2 10 86 87 29 13 11 11 11 84 11 11 11 11 84 84 
11 11 11 11 86 11 11 11 11 86 11 28 11 11 6 1 0 0 1 1 1 1 2 2 1 1 1 2 0 0 0 0 0 0 2 2 2 2 1 1 1 1 1 1 2 0 0 0 2 2 2 2 2 2 1 1 1 1 1 2 0 2 1 2 2 2 1 1 1 2 2 2 0 0 0 1 10 11 86 29 11 18 19 11 84 84 11 87 11 11 84 
11 87 11 13 11 22 23 11 85 11 14 28 11 86 6 1 1 0 1 1 0 0 0 0 0 0 1 1 0 0 0 0 0 0 0 0 2 1 1 0 0 0 0 0 2 2 2 0 0 0 0 0 1 1 1 0 2 1 1 1 0 0 0 0 0 0 1 2 1 1 2 2 0 0 2 1 10 85 11 29 11 16 17 11 11 11 11 11 22 23 11 
11 11 85 11 11 20 21 11 11 12 11 28 86 87 6 2 2 0 0 1 1 0 0 0 0 0 2 2 1 1 1 1 1 1 1 2 0 0 2 2 2 2 1 1 1 1 1 1 2 2 0 0 1 1 2 0 0 0 0 1 2 2 1 1 1 1 1 0 0 0 0 2 1 2 1 2 10 11 11 29 11 11 11 85 11 15 84 11 20 21 11 
15 11 85 11 87 11 11 11 85 11 11 28 11 14 121 7 7 7 9 2 0 1 8 7 7 7 7 7 7 7 7 7 7 7 7 7 7 7 7 7 7 7 7 7 7 7 7 7 7 7 7 7 7 7 7 7 7 7 7 7 7 7 7 7 7 7 7 7 7 7 7 7 7 7 7 7 120 11 84 29 11 11 11 11 11 11 84 11 11 11 11 
11 11 11 11 11 11 12 11 15 11 11 28 84 18 19 84 85 11 6 2 1 1 10 22 23 87 84 11 85 11 12 18 19 11 11 11 86 11 11 18 19 11 11 11 11 11 11 14 87 11 11 11 11 11 22 23 11 87 11 85 11 11 11 15 11 86 87 84 11 11 14 11 11 11 12 84 18 19 11 29 11 11 12 11 11 11 11 86 86 86 11 
11 87 85 11 18 19 11 11 11 84 11 28 11 16 17 15 22 23 6 0 1 1 10 20 21 11 18 19 11 84 11 16 17 11 85 84 11 15 11 16 17 11 84 11 11 85 11 22 23 11 11 11 84 11 20 21 11 11 84 13 11 87 11 11 22 23 11 11 85 11 86 18 19 11 85 11 16 17 13 29 11 11 11 22 23 87 14 11 11 11 11 
11 11 85 11 16 17 11 84 84 11 11 28 12 85 11 87 20 21 121 7 7 7 120 84 85 11 16 17 86 11 11 11 14 11 85 84 11 11 11 87 13 11 11 84 12 11 86 20 21 11 11 11 85 11 11 14 87 11 11 11 85 11 11 87 20 21 11 11 11 84 11 16 17 11 87 86 11 84 85 29 11 11 86 20 21 11 11 11 87 85 85 
11 11 84 84 84 11 86 11 11 11 11 24 31 31 31 31 25 25 25 25 11 25 25 25 25 25 25 25 25 25 25 25 25 25 25 25 25 25 25 25 25 25 25 25 25 25 25 25 25 25 25 25 25 25 25 25 25 25 25 25 25 25 25 25 25 25 25 25 25 25 25 25 25 25 25 25 25 25 25 26 11 11 11 11 11 11 11 11 11 11 85 
84 84 84 11 11 11 11 85 85 87 11 11 11 13 11 11 11 14 118 3 3 3 119 11 11 11 11 14 11 11 11 11 11 11 15 11 13 11 11 11 11 11 11 14 11 11 11 11 12 11 11 14 11 11 11 11 13 11 86 86 11 11 11 11 11 12 11 11 11 11 14 11 11 15 11 11 11 11 11 11 13 11 11 11 85 15 11 84 11 11 11 
11 11 85 11 86 11 11 11 11 11 86 11 84 11 18 19 11 11 6 2 0 0 10 84 11 11 11 84 84 11 84 84 11 84 84 84 84 11 86 11 12 87 87 11 86 86 11 11 11 85 11 11 11 84 84 11 87 86 86 11 11 11 11 84 11 11 86 11 11 85 11 86 86 11 11 11 11 87 11 11 85 11 86 11 11 11 11 84 11 11 11 
11 87 11 84 84 86 11 22 23 11 11 84 84 12 16 17 11 84 6 2 1 1 10 11 85 86 11 11 11 85 87 87 11 84 11 11 86 11 11 11 85 11 11 11 11 11 18 19 11 11 11 84 11 11 84 11 85 11 11 85 11 11 87 11 11 11 86 11 13 11 11 11 11 11 86 11 12 11 11 11 11 11 11 11 11 18 19 11 84 12 11 
11 86 13 11 84 11 85 20 21 14 11 85 11 86 11 15 11 11 6 0 1 0 10 11 86 12 11 87 11 11 86 11 11 11 85 11 11 85 11 87 11 11 84 11 11 11 16 17 11 86 11 11 11 11 11 11 11 11 11 11 14 11 12 11 84 84 11 86 11 11 84 22 23 11 11 84 11 84 11 11 86 11 84 84 11 16 17 11 11 11 11 
11 22 23 12 11 11 85 11 11 11 11 11 11 11 84 11 84 11 6 0 1 0 10 11 84 11 85 11 11 86 18 19 11 87 11 86 11 11 12 11 87 11 11 84 11 86 11 11 15 11 86 11 87 11 11 87 84 84 84 87 11 18 19 11 11 84 11 87 87 11 11 20 21 11 84 84 11 11 11 11 11 87 11 84 11 11 11 87 11 13 11 
11 20 21 86 11 87 11 11 84 84 11 85 86 11 11 85 11 11 6 1 2 2 10 11 11 87 11 11 84 11 16 17 11 84 84 84 11 87 85 86 11 86 11 84 11 11 11 86 11 11 11 11 87 11 11 85 11 11 11 11 11 16 17 11 11 84 87 87 11 85 11 11 11 11 11 11 87 11 11 85 86 11 11 11 84 84 84 11 11 22 23 
11 11 11 11 11 85 85 11 87 11 85 85 11 11 11 11 84 11 6 1 2 2 10 15 11 11 85 11 13 11 11 11 11 11 87 11 87 11 11 11 86 86 14 11 11 11 11 85 11 13 11 84 84 11 84 11 11 11 11 86 11 11 11 11 11 11 15 11 11 11 11 11 12 11 84 11 11 11 11 11 11 87 11 14 11 11 11 15 11 20 21 

0 0 0 0 0 0 0 0 0 0 0 0 0 0 0 0 0 0 0 0 0 0 0 0 0 0 0 0 0 0 0 0 0 0 0 0 0 0 0 0 0 0 0 0 0 0 0 0 0 0 0 0 0 0 0 0 0 0 0 0 0 0 0 0 0 0 0 0 0 0 0 0 0 0 0 0 0 0 0 0 0 0 0 0 0 0 0 0 0 0 0 
0 0 0 0 0 0 0 0 0 0 0 0 0 0 0 0 0 0 0 0 0 0 0 0 0 0 0 0 0 0 0 0 0 0 0 0 0 0 0 0 0 0 0 0 0 0 0 0 0 0 0 0 0 0 0 0 0 0 0 0 0 0 0 0 0 0 0 0 0 0 0 0 0 0 0 0 0 0 0 0 0 0 0 0 0 0 0 0 0 0 0 
0 0 0 0 0 0 0 0 0 0 0 0 0 0 0 0 0 0 0 0 0 0 0 0 0 0 0 0 0 0 0 0 0 0 0 0 0 0 0 0 0 0 0 0 0 0 0 0 0 0 0 0 0 0 0 0 0 0 0 0 0 0 0 0 0 0 0 0 0 0 0 0 0 0 0 0 0 0 0 0 0 0 0 0 0 0 0 0 0 0 0 
0 0 0 0 0 0 0 0 0 0 0 0 0 0 0 0 0 0 0 0 0 0 0 0 0 0 0 0 0 0 0 0 0 0 0 0 0 0 0 0 0 0 0 0 0 0 0 0 0 0 0 0 0 0 0 0 0 0 0 0 0 0 0 0 0 0 0 0 0 0 0 0 0 0 0 0 0 0 0 0 0 0 0 0 0 0 0 0 0 0 0 
0 0 0 0 0 0 0 0 0 0 0 0 0 0 0 0 0 0 0 0 0 0 0 0 0 0 0 0 0 0 0 0 0 0 0 0 0 0 0 0 0 0 0 0 0 0 0 0 0 0 0 0 0 0 0 0 0 0 0 0 0 0 0 0 0 0 0 0 0 0 0 0 0 0 0 0 0 0 0 0 0 0 0 0 0 0 0 0 0 0 0 
0 0 0 0 0 0 0 0 0 0 0 0 0 0 0 0 0 0 0 0 0 0 0 0 0 0 0 0 0 0 0 0 0 0 0 0 0 0 0 0 0 0 0 0 0 0 0 0 0 0 0 0 0 0 0 0 0 0 0 0 0 0 0 0 0 0 0 0 0 0 0 0 0 0 0 0 0 0 0 0 0 0 0 0 0 0 0 0 0 0 0 
0 0 0 0 0 0 0 0 0 0 0 0 0 0 0 0 0 0 0 0 0 0 0 0 0 0 0 0 0 0 0 0 0 0 0 0 0 0 0 0 0 0 0 0 0 0 0 0 0 0 0 0 0 0 0 0 0 0 0 0 0 0 0 0 0 0 0 0 0 0 0 0 0 0 0 0 0 0 0 0 0 0 0 0 0 0 0 0 0 0 0 
0 0 0 0 0 0 0 0 0 0 0 0 0 0 0 0 0 0 0 0 0 0 0 0 0 0 0 0 0 0 0 0 0 0 0 0 0 0 0 0 0 0 0 0 0 0 0 0 0 0 0 0 0 0 0 0 0 0 0 0 0 0 0 0 0 0 0 0 0 0 0 0 0 0 0 0 0 0 0 0 0 0 0 0 0 0 0 0 0 0 0 
0 0 0 0 0 0 0 0 0 0 0 0 0 0 0 0 0 0 0 0 0 0 0 0 0 0 0 0 0 0 0 0 0 0 0 0 0 0 0 0 0 0 0 0 0 0 0 0 0 0 0 0 0 0 0 0 0 0 0 0 0 0 0 0 0 0 0 0 0 0 0 0 0 0 0 0 0 0 0 0 0 0 0 0 0 0 0 0 0 0 0 
0 0 0 0 0 0 0 0 0 0 0 0 0 0 0 0 0 0 0 0 0 0 0 0 0 0 0 0 0 0 0 0 0 0 0 0 0 0 0 0 0 0 0 0 0 0 0 0 0 0 0 0 0 0 0 0 0 0 0 0 0 0 0 0 0 0 0 0 0 0 0 0 0 0 0 0 0 0 0 0 0 0 0 0 0 0 0 0 0 0 0 
0 0 0 0 0 0 0 0 0 0 0 0 0 0 0 0 0 0 0 0 0 0 0 0 0 0 0 0 0 0 0 0 0 0 0 0 0 0 0 0 0 0 0 0 0 0 0 0 0 0 0 0 0 0 0 0 0 0 0 0 0 0 0 0 0 0 0 0 0 0 0 0 0 0 0 0 0 0 0 0 0 0 0 0 0 0 0 0 0 0 0 
0 0 0 0 0 0 0 0 0 0 0 0 0 0 0 0 0 0 0 0 0 0 0 0 0 0 0 0 0 0 0 0 0 0 0 0 0 0 0 0 0 0 0 0 0 0 0 0 0 0 0 0 0 0 0 0 0 0 0 0 0 0 0 0 0 0 0 0 0 0 0 0 0 0 0 0 0 0 0 0 0 0 0 0 0 0 0 0 0 0 0 
0 0 0 0 0 0 0 0 0 0 0 0 0 0 0 0 0 0 0 0 0 0 0 0 0 0 0 0 0 0 0 0 0 0 0 0 5 0 0 0 0 0 0 0 0 0 0 0 99 0 0 0 0 0 0 0 0 0 0 0 0 0 5 0 0 0 0 0 0 0 0 0 0 0 0 0 0 0 0 0 0 0 0 0 0 0 0 0 0 0 0 
0 0 0 0 0 0 0 0 0 0 0 0 0 0 0 0 0 5 0 0 0 0 0 0 0 0 0 0 0 0 0 0 0 0 0 0 0 0 0 0 0 0 0 0 0 0 0 0 0 0 0 0 0 0 0 0 0 0 0 0 0 0 0 0 0 0 0 0 0 0 0 0 0 0 0 0 0 0 0 0 0 0 0 0 0 0 0 0 0 0 0 
0 0 0 0 0 0 0 0 0 0 0 0 0 0 0 0 0 0 0 0 0 0 0 0 0 0 0 0 0 0 0 0 0 0 0 0 0 0 0 0 0 0 0 0 0 0 0 5 0 0 0 0 0 0 0 0 0 0 0 0 0 0 0 0 0 0 0 0 0 0 0 0 0 0 0 0 0 0 0 0 0 0 0 0 0 0 0 0 0 0 0 
0 0 0 0 0 0 0 0 0 0 0 0 0 0 0 0 0 0 0 0 0 0 0 0 0 0 0 0 0 0 0 0 0 0 0 0 0 0 0 0 0 0 0 0 0 0 0 0 0 0 0 0 0 0 0 0 0 0 0 0 0 0 0 0 0 0 0 0 0 0 0 0 0 0 0 0 0 0 0 0 0 0 0 0 0 0 0 0 0 0 0 
0 0 0 0 0 0 0 0 0 0 0 0 0 0 0 0 0 0 0 0 0 0 0 0 0 0 5 0 0 0 0 0 0 0 0 0 0 0 0 0 0 0 0 0 0 0 0 0 0 0 0 0 0 0 0 0 0 0 0 0 0 0 0 0 0 0 0 0 0 0 0 0 0 0 0 0 0 0 0 0 0 0 0 0 0 0 0 0 0 0 0 
0 0 0 0 0 0 0 0 0 0 0 0 0 0 0 0 0 0 0 0 0 0 0 0 0 0 0 0 0 0 0 0 0 0 0 0 0 0 0 0 0 0 0 0 0 0 0 0 0 0 0 0 0 0 0 0 0 0 0 0 0 0 0 5 0 0 0 0 0 1 0 0 0 0 0 0 0 0 0 0 0 0 0 0 0 0 0 0 0 0 0 
0 0 0 0 0 0 0 0 0 0 0 0 0 0 0 0 0 0 0 0 0 0 0 0 0 0 0 0 0 0 0 0 0 0 0 0 0 0 0 1 0 0 0 0 0 0 0 0 0 0 0 0 0 0 0 0 0 0 0 0 0 0 0 0 0 0 0 0 0 0 0 0 0 0 0 0 0 0 0 0 0 0 0 0 0 0 0 0 0 0 0 
0 0 0 0 0 0 0 0 0 0 0 0 0 0 0 0 0 0 0 0 0 0 0 0 0 0 0 0 0 0 0 0 0 0 0 0 0 0 0 0 0 0 0 0 0 0 0 0 0 0 0 0 0 0 0 0 0 0 0 0 0 0 0 0 0 0 0 0 0 0 0 0 0 0 0 0 0 0 0 0 0 0 0 0 0 0 0 0 0 0 0 
0 0 0 0 0 0 0 0 0 0 0 0 0 0 0 0 0 0 0 0 0 0 0 0 0 0 0 0 0 0 5 0 0 0 0 0 0 0 0 0 0 0 0 0 0 0 0 0 0 0 0 0 0 0 0 0 0 0 0 0 0 0 0 0 0 0 0 0 0 0 0 0 0 0 0 0 0 0 0 0 0 0 0 0 0 0 0 0 0 0 0 
0 0 0 0 0 0 0 0 0 0 0 0 0 0 0 0 0 0 0 0 0 0 0 0 0 0 0 0 0 0 0 0 0 0 0 0 0 0 0 0 0 0 0 0 0 0 0 0 0 0 0 0 0 0 0 0 0 0 0 0 0 0 0 0 0 0 0 0 0 0 0 0 0 0 0 0 0 0 0 0 0 0 0 0 0 0 0 0 0 0 0 
0 0 0 0 0 0 0 0 0 0 0 0 0 0 0 0 0 0 0 0 0 0 0 0 0 0 0 0 0 0 0 0 0 0 0 0 0 0 0 0 0 0 0 0 0 0 0 0 0 0 0 0 0 0 0 0 0 0 0 0 0 0 0 0 0 0 0 0 0 0 0 0 0 0 0 5 0 0 0 0 0 0 0 0 0 0 0 0 0 0 0 
0 0 0 0 0 0 0 0 0 0 0 0 0 0 0 0 0 0 0 0 0 0 0 0 0 0 5 0 0 0 0 0 0 0 0 0 0 0 0 0 0 0 0 0 0 0 0 0 0 0 0 0 0 0 0 0 0 0 0 0 0 0 0 0 0 0 0 0 0 5 0 0 0 0 0 0 0 0 0 0 0 0 0 0 0 0 0 0 0 0 0 
0 0 0 0 0 0 0 0 0 0 0 0 0 0 0 0 0 5 0 0 0 0 0 0 0 0 0 0 0 0 0 0 0 0 0 0 0 0 0 0 0 0 0 0 0 0 0 0 0 5 0 0 0 0 0 2 0 0 0 0 0 0 0 0 0 0 0 0 0 0 0 0 0 0 0 0 0 0 0 0 0 0 0 0 0 0 0 0 0 0 0 
0 0 0 0 0 0 0 0 0 0 0 0 0 0 0 0 0 0 0 0 0 0 0 0 0 0 0 0 0 0 0 0 0 0 0 0 0 0 0 0 0 0 0 0 0 0 0 0 0 0 0 0 0 5 0 0 0 0 0 0 0 0 0 0 0 0 0 0 0 0 0 0 0 0 0 0 0 0 0 0 0 0 0 0 0 0 0 0 0 0 0 
0 0 0 0 0 0 0 0 0 0 0 0 0 0 0 0 0 0 0 0 0 0 0 0 1 0 0 0 0 0 0 0 0 0 0 0 0 0 0 0 0 0 0 0 0 0 0 0 0 0 0 0 0 0 0 0 0 0 0 0 0 0 0 0 0 0 0 0 0 0 0 0 0 0 0 0 0 0 0 0 0 0 0 0 0 0 0 0 0 0 0 
0 0 0 0 0 0 0 0 0 0 0 0 0 0 0 0 0 0 0 0 0 0 0 0 0 0 0 0 0 0 0 0 0 0 0 0 0 0 0 0 0 0 0 0 0 0 0 0 0 0 0 0 0 0 0 0 0 0 0 0 0 0 0 0 0 0 0 0 0 0 0 0 0 0 0 0 0 0 0 0 0 0 0 0 0 0 0 0 0 0 0 
0 0 0 0 0 0 0 0 0 0 0 0 0 0 0 0 0 0 0 0 0 0 0 0 0 0 0 0 0 0 0 0 0 0 0 0 0 0 0 0 0 0 0 0 0 0 0 0 0 0 0 0 0 0 0 0 0 0 0 0 0 0 0 0 0 0 0 0 0 0 0 0 0 0 0 0 0 0 0 0 0 0 0 0 0 0 0 0 0 0 0 
0 0 0 0 0 0 0 0 0 0 0 0 0 0 0 0 0 0 0 0 0 0 0 0 0 0 0 0 0 0 0 0 0 0 0 0 5 0 0 0 0 0 0 0 0 0 0 0 0 0 0 0 0 0 0 0 0 0 0 0 0 0 0 0 0 0 0 0 0 0 0 0 0 0 0 0 0 0 0 0 0 0 0 0 0 0 0 0 0 0 0 
0 0 0 0 0 0 0 0 0 0 0 0 0 0 0 0 0 0 0 0 0 0 0 0 0 0 0 0 0 0 0 0 0 0 0 0 0 0 0 0 0 0 0 0 0 0 0 0 0 0 0 0 0 0 0 0 0 0 0 0 0 0 0 0 0 0 0 0 0 0 0 0 0 5 0 0 0 0 0 0 0 0 0 0 0 0 0 0 0 0 0 
0 0 0 0 0 0 0 0 0 0 0 0 0 0 0 0 0 0 0 0 0 0 0 0 0 0 0 0 0 5 0 0 0 0 0 0 0 0 0 0 0 0 0 0 0 0 0 0 0 0 0 0 0 0 0 0 0 0 0 0 0 0 0 5 0 0 0 0 0 0 0 0 0 0 0 0 0 0 0 0 0 0 0 0 0 0 0 0 0 0 0 
0 0 0 0 0 0 0 0 0 0 0 0 0 0 0 0 0 0 0 0 0 0 0 0 0 0 0 0 0 0 0 0 0 0 0 0 0 0 0 0 0 0 0 0 0 0 0 0 0 0 0 0 0 0 0 0 5 0 0 0 0 0 0 0 0 0 0 0 0 0 0 0 0 0 0 0 0 0 0 0 0 0 0 0 0 0 0 0 0 0 0 
0 0 0 0 0 0 0 0 0 0 0 0 0 0 0 0 0 0 0 0 0 0 0 0 0 0 0 0 0 0 0 0 0 0 0 0 0 0 0 0 0 0 0 0 0 0 0 0 0 0 0 0 0 0 0 0 0 0 0 0 0 0 0 0 0 0 0 0 0 0 0 0 0 0 0 0 0 0 0 0 0 0 0 0 0 0 0 0 0 0 0 
0 0 0 0 0 0 0 0 0 0 0 0 0 0 0 0 0 0 0 0 0 0 1 0 0 0 0 0 0 0 0 0 0 0 0 0 0 0 0 0 0 0 0 0 0 0 0 0 0 0 0 0 0 1 0 0 0 0 0 0 0 0 0 0 0 0 0 0 0 0 0 0 0 0 0 0 0 0 0 0 0 0 0 0 0 0 0 0 0 0 0 
0 0 0 0 0 0 0 0 0 0 0 0 0 0 0 0 0 0 0 0 0 0 0 0 0 0 0 0 0 0 0 0 0 0 0 0 0 0 0 0 0 0 0 0 0 0 0 0 0 0 0 0 0 0 0 0 0 0 0 0 0 0 0 0 0 0 0 0 0 0 0 0 0 0 0 0 0 0 0 0 0 0 0 0 0 0 0 0 0 0 0 
0 0 0 0 0 0 0 0 0 0 0 0 0 0 0 1 0 0 0 0 0 0 0 0 0 0 0 0 0 0 0 0 0 0 0 0 0 0 5 0 0 0 0 0 0 0 0 0 0 0 0 0 0 0 0 0 0 0 0 0 0 0 0 0 0 0 0 0 0 0 0 0 0 0 0 0 0 0 0 0 0 0 0 0 0 0 0 0 0 0 0 
0 0 0 0 0 0 0 0 0 0 0 0 0 0 0 0 0 0 0 0 0 0 0 0 0 0 0 0 0 0 0 0 0 0 0 0 0 0 0 0 0 0 0 0 0 0 0 5 0 0 0 0 0 0 0 0 0 0 5 0 0 0 0 0 0 0 0 0 0 0 0 0 0 0 0 0 0 0 0 0 0 0 0 0 0 0 0 0 0 0 0 
0 0 0 0 0 0 0 0 0 0 0 0 0 0 0 0 0 0 0 0 0 0 0 0 0 0 0 0 0 0 5 0 0 0 0 0 0 0 0 0 0 0 0 0 0 0 0 0 0 0 0 0 0 0 0 0 0 0 0 0 0 0 0 0 0 0 0 0 0 0 0 0 0 0 0 0 0 0 0 0 0 0 0 0 0 0 0 0 0 0 0 
0 0 0 0 0 0 0 0 0 0 0 0 0 0 0 0 0 0 0 0 0 0 0 0 0 0 0 0 0 0 0 0 5 0 0 0 0 0 0 0 0 0 0 0 0 0 0 0 0 0 0 0 0 0 0 0 0 0 0 0 5 0 0 0 0 0 0 0 0 0 0 0 0 0 0 0 0 0 0 0 0 0 0 0 0 0 0 0 0 0 0 
0 0 0 0 0 0 0 0 0 0 0 0 0 0 0 0 5 0 0 0 0 0 0 0 0 0 0 5 0 0 0 0 0 0 0 0 0 0 0 0 0 0 0 0 0 0 0 0 99 0 0 0 0 0 0 0 0 0 0 0 0 0 0 0 0 0 0 0 0 0 0 0 0 0 0 0 0 0 0 0 0 0 0 0 0 0 0 0 0 0 0 
0 0 0 0 0 0 0 0 0 0 0 0 0 0 0 0 0 0 0 0 0 0 0 0 0 0 0 0 0 0 2 0 0 0 0 0 0 0 0 0 0 0 0 0 0 0 0 0 0 0 0 0 0 0 0 0 0 0 0 0 0 0 0 0 0 0 0 0 0 0 0 0 0 0 0 5 0 0 0 0 0 0 0 0 0 0 0 0 0 0 0 
0 0 0 0 0 0 0 0 0 0 0 0 0 0 0 0 0 0 0 0 0 0 0 0 0 0 0 0 0 0 0 0 0 0 0 0 0 0 0 0 0 0 0 0 0 0 0 0 0 0 0 0 0 0 0 0 0 0 0 0 0 0 0 0 0 0 0 0 0 0 0 0 0 0 0 0 0 0 0 0 0 0 0 0 0 0 0 0 0 0 0 
0 0 0 0 0 0 0 0 0 0 0 0 0 0 0 0 0 0 0 0 0 0 0 0 0 0 0 0 0 0 0 0 0 0 0 0 0 0 0 0 0 0 0 0 0 0 0 0 0 0 0 0 0 0 0 0 0 0 0 0 0 0 0 0 0 0 0 0 0 0 0 0 0 0 0 0 0 0 0 0 0 0 0 0 0 0 0 0 0 0 0 
0 0 0 0 0 0 0 0 0 0 0 0 0 0 0 0 0 0 0 0 0 0 0 0 0 0 0 0 0 0 5 0 0 0 0 0 0 0 0 0 0 0 0 0 0 0 0 0 0 0 0 0 0 0 0 0 0 0 0 0 0 0 0 0 0 0 0 0 0 0 0 0 0 0 0 0 0 0 0 0 0 0 0 0 0 0 0 0 0 0 0 
0 0 0 0 0 0 0 0 0 0 0 0 0 0 0 0 0 0 0 0 0 0 0 0 0 0 0 0 0 0 0 0 0 0 0 0 0 0 0 0 0 0 0 0 0 0 5 0 0 0 0 0 0 0 0 0 0 0 0 0 0 0 0 0 0 0 0 0 0 0 0 0 0 0 0 0 0 0 0 0 0 0 0 0 0 0 0 0 0 0 0 
0 0 0 0 0 0 0 0 0 0 0 0 0 0 0 0 0 0 0 0 0 0 0 0 0 0 0 0 0 0 0 0 0 0 0 0 0 0 0 0 0 0 0 0 0 0 0 0 0 0 0 0 0 0 0 0 0 0 0 0 0 0 0 0 0 0 0 0 0 0 0 0 0 0 0 0 0 0 0 0 0 0 0 0 0 0 0 0 0 0 0 
0 0 0 0 0 0 0 0 0 0 0 0 0 0 0 0 0 0 0 0 0 0 0 0 0 0 0 0 0 0 0 0 0 0 0 0 0 0 0 0 0 0 0 0 0 0 0 0 0 0 0 0 0 0 0 0 0 0 0 0 0 0 0 0 0 0 0 0 0 0 0 0 0 0 0 0 0 0 0 0 0 0 0 0 0 0 0 0 0 0 0 
0 0 0 0 0 0 0 0 0 0 0 0 0 0 0 0 0 0 0 0 0 0 0 0 0 0 0 0 0 0 0 0 0 0 0 0 0 0 0 0 0 0 0 0 0 0 0 0 0 0 0 0 0 0 5 0 0 0 0 0 0 0 0 5 0 0 0 0 0 0 0 5 0 0 0 0 0 0 0 0 0 0 0 0 0 0 0 0 0 0 0 
0 0 0 0 0 0 0 0 0 0 0 0 0 0 0 0 0 0 0 0 0 0 0 0 0 0 0 0 0 0 0 0 0 0 0 0 0 0 0 0 0 0 0 0 0 0 0 0 0 0 0 0 0 0 0 0 0 0 0 0 0 0 0 0 0 0 0 0 0 0 0 0 0 0 0 0 0 0 0 0 0 0 0 0 0 0 0 0 0 0 0 
0 0 0 0 0 0 0 0 0 0 0 0 0 0 0 0 0 0 0 0 0 0 0 0 0 0 0 0 0 0 0 0 5 0 0 0 0 0 0 0 0 0 0 0 0 0 0 0 0 0 0 0 0 0 0 0 0 0 0 0 0 0 0 0 0 0 0 0 0 0 0 0 0 0 0 0 0 0 0 0 0 0 0 0 0 0 0 0 0 0 0 
0 0 0 0 0 0 0 0 0 0 0 0 0 0 0 0 0 0 0 0 0 0 0 0 0 0 0 0 0 0 0 0 0 0 0 0 0 0 0 0 0 0 0 0 0 0 0 0 0 0 0 0 0 0 0 0 0 0 0 0 0 0 0 0 0 0 0 0 0 0 0 0 0 0 0 0 0 0 0 0 0 0 0 0 0 0 0 0 0 0 0 
0 0 0 0 0 0 0 0 0 0 0 0 0 0 0 0 0 0 0 0 0 0 0 0 0 0 0 0 0 0 0 0 0 0 0 0 0 0 0 0 0 0 0 0 0 0 0 0 0 0 0 0 0 0 0 0 0 0 0 0 0 0 0 0 0 0 0 0 0 0 0 0 0 0 0 0 0 0 0 0 0 0 0 0 0 0 0 0 0 0 0 
0 0 0 0 0 0 0 0 0 0 0 0 0 0 0 0 0 0 0 0 0 0 0 0 0 0 0 5 0 0 0 0 0 0 0 0 0 1 0 0 0 0 0 0 0 5 0 0 0 0 0 0 0 0 0 0 0 0 0 0 5 0 0 0 0 0 0 0 0 0 0 0 0 0 0 0 0 0 0 0 0 0 0 0 0 0 0 0 0 0 0 
0 0 0 0 0 0 0 0 0 0 0 0 0 0 0 0 0 0 0 0 0 0 0 0 0 0 0 0 0 0 0 0 0 0 0 0 0 0 0 0 0 0 0 0 0 0 0 0 0 0 0 0 0 0 0 0 0 0 0 0 0 0 0 0 0 0 0 0 0 0 0 0 0 0 0 0 0 0 0 0 0 0 0 0 0 0 0 0 0 0 0 
0 0 0 0 0 0 0 0 0 0 0 0 0 0 0 5 0 0 0 0 0 0 0 0 0 0 0 0 0 0 0 0 0 0 0 0 0 0 0 0 0 0 0 0 0 0 0 0 0 0 0 0 0 0 0 0 0 0 0 0 0 0 0 0 0 0 0 0 0 0 0 0 0 0 0 0 0 0 0 0 0 0 0 0 0 0 0 0 0 0 0 
0 0 0 0 0 0 0 0 0 0 0 0 0 0 0 0 0 0 0 0 0 0 0 0 0 0 0 0 0 0 0 0 0 0 0 0 0 0 0 0 0 0 0 0 0 0 0 0 0 0 0 0 0 0 0 0 0 0 0 0 0 0 0 0 0 0 0 0 0 0 0 0 0 0 0 0 0 0 0 0 0 0 0 0 0 0 0 0 0 0 0 
0 0 0 0 0 0 0 0 0 0 0 0 0 0 0 0 0 0 0 0 0 0 0 0 0 0 0 0 0 0 0 0 0 0 0 0 0 0 0 0 0 0 0 0 0 0 0 0 0 0 0 0 0 0 0 0 0 0 0 0 0 0 0 0 0 0 5 0 0 0 0 0 0 0 0 0 0 0 0 0 0 0 0 0 0 0 0 0 0 0 0 
0 0 0 0 0 0 0 0 0 0 0 0 0 0 0 0 0 0 0 0 5 0 0 0 0 0 0 0 0 0 0 0 0 0 0 0 0 0 0 0 0 0 0 0 0 0 0 0 0 0 0 0 0 0 0 0 0 0 0 0 0 0 0 0 0 0 0 0 0 0 0 0 0 0 0 0 0 0 0 0 0 0 0 0 0 0 0 0 0 0 0 
0 0 0 0 0 0 0 0 0 0 0 0 0 0 0 0 0 0 0 0 0 0 0 0 0 0 0 0 0 0 0 0 0 0 0 5 0 0 0 0 0 0 0 0 0 0 0 0 0 0 0 0 0 0 5 0 0 0 0 0 0 0 0 0 0 0 0 0 0 0 0 0 0 0 0 0 0 0 0 0 0 0 0 0 0 0 0 0 0 0 0 
0 0 0 0 0 0 0 0 0 0 0 0 0 0 0 0 0 0 0 0 0 0 0 0 0 0 0 0 0 0 0 0 0 0 0 0 0 0 0 1 0 0 0 0 0 0 0 0 0 0 0 0 0 0 0 0 0 0 0 0 0 0 0 0 0 0 0 0 0 0 0 0 0 0 0 0 0 0 0 0 0 0 0 0 0 0 0 0 0 0 0 
0 0 0 0 0 0 0 0 0 0 0 0 0 0 0 0 0 0 0 0 0 0 0 0 0 5 0 0 0 0 0 0 0 0 0 0 0 0 0 0 0 0 0 0 0 0 0 0 0 0 0 0 0 0 0 0 0 0 0 0 0 0 0 0 0 0 0 0 0 0 0 0 0 0 0 0 0 0 0 0 0 0 0 0 0 0 0 0 0 0 0 
0 0 0 0 0 0 0 0 0 0 0 0 0 0 0 0 0 0 0 0 0 0 0 0 0 0 0 0 0 0 0 0 0 0 0 0 0 0 0 0 0 0 0 0 5 0 0 0 0 0 0 0 0 0 0 0 0 0 0 0 0 0 0 5 0 0 0 0 0 0 0 0 0 0 0 0 0 0 0 0 0 0 0 0 0 0 0 0 0 0 0 
0 0 0 0 0 0 0 0 0 0 0 0 0 0 0 0 0 0 0 0 0 0 0 0 0 0 0 0 0 0 0 0 0 0 0 0 0 0 0 0 0 0 0 0 0 0 0 0 0 0 0 0 0 0 0 0 0 0 0 0 0 0 2 0 0 0 0 0 0 0 0 0 0 0 0 0 0 0 0 0 0 0 0 0 0 0 0 0 0 0 0 
0 0 0 0 0 0 0 0 0 0 0 0 0 0 0 0 0 0 0 0 0 0 0 0 0 0 0 0 0 1 0 0 0 0 0 0 0 0 0 0 0 0 0 0 0 0 0 0 0 0 0 0 0 1 0 0 0 0 0 0 0 0 0 0 0 0 0 0 0 1 0 0 0 0 0 0 0 0 0 0 0 0 0 0 0 0 0 0 0 0 0 
0 0 0 0 0 0 0 0 0 0 0 0 0 0 0 0 0 0 0 0 0 0 0 0 0 0 0 0 0 0 0 0 0 0 0 0 0 0 0 0 0 0 0 0 0 0 0 0 0 0 0 0 0 0 0 0 0 0 0 0 0 0 0 0 0 0 0 0 0 0 0 0 0 0 0 0 0 0 0 0 0 0 0 0 0 0 0 0 0 0 0 
0 0 0 0 0 0 0 0 0 0 0 0 0 0 0 0 0 0 0 0 0 0 0 0 0 0 0 0 0 0 0 0 0 0 0 0 0 0 0 0 0 0 0 0 0 0 0 0 0 0 0 0 0 0 0 0 0 0 0 0 0 0 0 0 0 0 0 0 0 0 0 0 0 0 0 0 0 0 0 0 0 0 0 0 0 0 0 0 0 0 0 
0 0 0 0 0 0 0 0 0 0 0 0 0 0 0 0 0 0 0 0 0 0 0 0 0 0 0 0 0 0 0 0 0 0 0 0 0 0 0 0 0 0 0 0 0 0 0 0 0 0 0 0 0 0 0 0 0 0 0 0 0 0 0 0 0 0 0 0 0 0 0 0 0 0 0 0 0 0 0 0 0 0 0 0 0 0 0 0 0 0 0 
0 0 0 0 0 0 0 0 0 0 0 0 0 0 0 0 0 0 0 0 5 0 0 0 0 0 0 0 0 0 0 0 0 0 0 0 0 0 0 0 0 0 0 0 0 0 0 0 0 0 0 0 0 0 0 0 0 5 0 0 0 0 0 0 0 0 0 0 0 0 0 0 0 0 0 0 0 0 0 0 0 0 0 0 0 0 0 0 0 0 0 
0 0 0 0 0 0 0 0 0 0 0 0 0 0 0 0 0 0 0 0 0 0 0 0 0 0 0 0 0 0 0 0 0 0 0 0 0 0 0 0 0 0 0 0 0 0 0 0 0 0 0 0 0 0 0 0 0 0 0 0 0 0 0 0 0 0 0 0 0 0 5 0 0 0 99 0 0 0 0 0 0 0 0 0 0 0 0 0 0 0 0 
0 0 0 0 0 0 0 0 0 0 0 0 0 0 0 0 0 0 0 0 0 0 0 0 0 0 0 0 0 0 0 0 0 0 0 5 0 0 0 0 0 0 0 0 0 0 0 0 0 0 0 0 0 0 0 0 0 0 0 0 0 0 0 0 0 0 0 0 0 0 0 0 0 0 0 0 0 0 0 0 0 0 0 0 0 0 0 0 0 0 0 
0 0 0 0 0 0 0 0 0 0 0 0 0 0 0 0 0 0 0 0 0 0 0 0 0 0 0 0 0 0 0 0 0 0 0 0 0 0 0 0 0 0 0 0 0 0 0 0 0 0 0 0 0 0 0 0 0 0 0 0 0 0 0 0 0 0 0 0 0 0 0 0 0 0 0 0 0 0 0 0 0 0 0 0 0 0 0 0 0 0 0 
0 0 0 0 0 0 0 0 0 0 0 0 0 0 0 0 0 0 0 0 0 0 0 0 0 0 0 0 0 0 0 0 0 0 0 0 0 0 0 0 0 0 0 0 0 0 0 0 0 0 0 0 0 0 0 0 0 0 0 0 0 0 0 0 0 0 0 0 0 0 0 0 0 0 0 0 0 0 0 0 0 0 0 0 0 0 0 0 0 0 0 
0 0 0 0 0 0 0 0 0 0 0 0 0 0 0 0 0 0 0 0 0 0 0 0 0 0 0 0 0 0 0 0 0 0 0 0 0 0 0 0 0 0 0 0 0 0 0 0 0 0 0 0 0 0 0 0 0 0 0 0 0 0 0 0 0 0 0 0 0 0 0 0 0 0 0 0 0 0 0 0 0 0 0 0 0 0 0 0 0 0 0 
0 0 0 0 0 0 0 0 0 0 0 0 0 0 0 0 0 0 0 0 0 0 0 0 0 0 0 0 0 0 0 0 0 0 0 0 0 0 0 0 0 0 0 0 0 0 0 0 0 0 0 0 0 0 0 0 0 0 0 0 0 0 0 0 0 0 0 0 0 0 0 0 0 0 0 0 0 0 0 0 0 0 0 0 0 0 0 0 0 0 0 
0 0 0 0 0 0 0 0 0 0 0 0 0 0 0 0 0 0 0 0 3 0 0 0 0 0 0 0 0 0 0 0 0 0 0 0 0 0 0 0 0 0 0 0 0 0 0 0 0 0 0 0 0 0 0 0 0 0 0 0 0 0 0 0 0 0 0 0 0 0 0 0 0 0 0 0 0 0 0 0 0 0 0 0 0 0 0 0 0 0 0 
0 0 0 0 0 0 0 0 0 0 0 0 0 0 0 0 0 0 0 0 0 0 0 0 0 0 0 0 0 0 0 0 0 0 0 0 0 0 0 0 0 0 0 0 0 0 0 0 0 0 0 0 0 0 0 0 0 0 0 0 0 0 0 0 0 0 0 0 0 0 0 0 0 0 0 0 0 0 0 0 0 0 0 0 0 0 0 0 0 0 0 
0 0 0 0 0 0 0 0 0 0 0 0 0 0 0 0 0 0 0 0 0 0 0 0 0 0 0 0 0 0 0 0 0 0 0 0 0 0 0 0 0 0 0 0 0 0 0 0 0 0 0 0 0 0 0 0 0 0 0 0 0 0 0 0 0 0 0 0 0 0 0 0 0 0 0 0 0 0 0 0 0 0 0 0 0 0 0 0 0 0 0 
0 0 0 0 0 0 0 0 0 0 0 0 0 0 0 0 0 0 0 0 0 0 0 0 0 0 0 0 0 0 0 0 0 0 0 0 0 0 0 0 0 0 0 0 0 0 0 0 0 0 0 0 0 0 0 0 0 0 0 0 0 0 0 0 0 0 0 0 0 0 0 0 0 0 0 0 0 0 0 0 0 0 0 0 0 0 0 0 0 0 0 
0 0 0 0 0 0 0 0 0 0 0 0 0 0 0 0 0 0 0 0 0 0 0 0 0 0 0 0 0 0 0 0 0 0 0 0 0 0 0 0 0 0 0 0 0 0 0 0 0 0 0 0 0 0 0 0 0 0 0 0 0 0 0 0 0 0 0 0 0 0 0 0 0 0 0 0 0 0 0 0 0 0 0 0 0 0 0 0 0 0 0 
0 0 0 0 0 0 0 0 0 0 0 0 0 0 0 0 0 0 0 0 0 0 0 0 0 0 0 0 0 0 0 0 0 0 0 0 0 0 0 0 0 0 0 0 0 0 0 0 0 0 0 0 0 0 0 0 0 0 0 0 0 0 0 0 0 0 0 0 0 0 0 0 0 0 0 0 0 0 0 0 0 0 0 0 0 0 0 0 0 0 0 
0 0 0 0 0 0 0 0 0 0 0 0 0 0 0 0 0 0 0 0 0 0 0 0 0 0 0 0 0 0 0 0 0 0 0 0 0 0 0 0 0 0 0 0 0 0 0 0 0 0 0 0 0 0 0 0 0 0 0 0 0 0 0 0 0 0 0 0 0 0 0 0 0 0 0 0 0 0 0 0 0 0 0 0 0 0 0 0 0 0 0 
0 0 0 0 0 0 0 0 0 0 0 0 0 0 0 0 0 0 0 0 0 0 0 0 0 0 0 0 0 0 0 0 0 0 0 0 0 0 0 0 0 0 0 0 0 0 0 0 0 0 0 0 0 0 0 0 0 0 0 0 0 0 0 0 0 0 0 0 0 0 0 0 0 0 0 0 0 0 0 0 0 0 0 0 0 0 0 0 0 0 0 