3,84,73,18,8,57,4,4
11 11 11 11 11 11 11 11 11 11 86 11 84 87 18 19 6 0 0 0 10 87 11 22 23 11 84 11 11 11 11 11 11 11 11 11 11 11 11 11 11 11 11 11 11 11 11 11 11 11 11 11 11 11 11 11 11 11 11 11 11 11 11 11 11 11 11 11 11 11 11 11 11 93 11 11 11 11 11 11 11 11 11 11 11 11 11 11 11 11 11 11 11 11 11 11 11 11 11 11 
11 11 11 11 11 11 11 11 84 11 22 23 11 11 16 17 6 0 0 1 10 85 11 20 21 11 85 11 18 19 11 86 11 11 11 11 11 11 11 11 11 11 11 11 11 11 11 11 11 11 11 11 11 11 11 11 11 11 11 11 11 11 11 11 11 11 11 11 11 11 11 11 11 93 11 11 11 11 11 11 11 11 11 11 11 11 11 11 11 11 11 11 11 11 11 11 11 11 11 11 
11 11 11 11 11 22 23 11 11 11 20 21 11 11 11 86 6 2 2 1 10 11 86 11 87 11 86 11 16 17 11 11 18 19 11 11 11 11 11 11 11 11 11 11 11 11 11 11 11 11 11 11 11 11 11 11 11 11 11 11 11 11 11 11 11 11 11 11 11 11 11 11 11 93 11 11 11 11 11 11 11 11 11 11 11 11 11 11 11 11 11 11 11 11 11 11 11 11 11 11 
11 11 11 11 11 20 21 87 11 86 11 11 85 22 23 11 6 2 1 0 10 11 11 84 11 18 19 22 23 11 11 11 16 17 11 11 11 18 19 11 11 11 11 11 11 11 11 11 11 11 11 11 11 11 11 11 11 11 11 11 11 11 11 11 11 11 11 11 11 11 11 11 11 93 11 11 11 11 11 11 11 11 11 11 11 11 11 11 11 11 11 11 11 11 11 11 11 11 11 11 
11 11 11 11 11 11 87 11 18 19 11 11 11 20 21 11 6 1 0 0 10 11 22 23 11 16 17 20 21 11 87 22 23 11 18 19 11 16 17 11 11 18 19 11 11 11 11 11 11 11 11 11 11 11 11 11 11 11 11 11 11 11 11 11 11 11 11 11 11 11 11 11 11 93 11 11 11 11 11 11 11 11 11 11 11 11 11 11 11 11 11 11 11 11 11 11 11 11 11 11 
11 11 11 18 19 86 84 11 16 17 85 84 18 19 11 85 6 1 1 0 10 87 20 21 11 11 87 11 22 23 11 20 21 11 16 17 22 23 11 18 19 16 17 11 11 11 11 11 11 11 11 11 11 11 11 11 11 11 11 11 11 11 11 11 11 11 11 11 11 11 11 11 11 93 11 11 11 11 11 11 11 11 11 11 11 11 11 11 11 11 11 11 11 11 11 11 11 11 11 11 
11 11 11 16 17 11 22 23 86 11 11 86 16 17 11 87 121 7 7 7 120 11 86 11 11 84 11 84 20 21 18 19 85 22 23 86 20 21 11 16 17 11 18 19 11 11 11 11 11 11 11 11 11 11 11 11 11 11 11 11 11 11 11 11 11 11 11 11 11 11 11 11 11 93 11 11 11 11 11 11 11 11 11 11 11 11 11 11 11 11 11 11 11 11 11 11 11 11 11 11 
11 11 11 11 11 11 20 21 11 18 19 86 30 31 31 31 31 31 27 31 31 31 31 31 31 31 22 23 11 86 16 17 11 20 21 11 85 18 19 11 22 23 16 17 18 19 11 11 11 11 11 11 11 11 11 11 11 11 11 11 11 11 11 11 11 11 11 11 11 11 11 11 11 93 11 11 11 11 11 11 11 11 11 11 11 11 11 11 11 11 11 11 11 11 11 11 11 11 11 11 
11 11 11 11 11 87 85 11 86 16 17 11 28 11 85 87 118 3 3 3 119 84 11 22 23 86 20 21 18 19 11 84 18 19 86 18 19 16 17 86 20 21 22 23 16 17 11 11 11 11 11 11 11 11 11 11 11 11 11 11 11 11 11 11 11 11 11 11 11 11 11 11 11 93 11 11 11 11 11 11 11 11 11 11 11 11 11 11 11 11 11 11 11 11 11 11 11 11 11 11 
11 11 18 19 11 22 23 11 22 23 84 87 28 18 19 11 6 1 1 0 10 22 23 20 21 18 19 11 16 17 22 23 16 17 11 16 17 11 18 19 11 84 20 21 11 11 18 19 11 11 11 11 11 11 11 11 11 11 11 11 11 11 11 11 11 11 11 11 11 11 11 11 11 93 11 11 11 11 11 11 11 11 11 11 11 11 11 11 11 11 11 11 11 11 11 11 11 11 11 11 
11 11 16 17 11 20 21 11 20 21 18 19 28 16 17 85 6 2 2 0 10 20 21 84 85 16 17 87 11 85 20 21 87 22 23 11 22 23 16 17 22 23 11 11 22 23 16 17 11 11 11 11 11 11 11 11 11 11 11 11 11 11 11 11 11 11 11 11 11 11 11 11 11 93 11 11 11 11 11 11 11 11 11 11 11 11 11 11 11 11 11 11 11 11 11 11 11 11 11 11 
11 11 11 11 11 11 18 19 86 85 16 17 28 11 22 23 6 1 2 2 4 3 3 3 3 3 3 3 3 3 3 3 119 20 21 84 20 21 84 11 20 21 18 19 20 21 11 18 19 11 11 11 11 11 11 11 11 11 11 11 11 11 11 11 11 11 11 11 11 11 11 11 11 93 11 11 11 11 11 11 11 11 11 11 11 11 11 11 11 11 11 11 11 11 11 11 11 11 11 11 
11 18 19 11 22 23 16 17 22 23 11 84 22 23 20 21 6 0 2 1 0 0 0 0 1 1 0 0 2 2 0 0 4 119 85 18 19 87 86 18 19 11 16 17 11 18 19 16 17 11 11 11 11 11 11 11 11 11 11 11 11 11 11 11 11 11 11 11 11 11 11 11 11 93 11 11 11 11 11 11 11 11 11 11 11 11 11 11 11 11 11 11 11 11 11 11 11 11 11 11 
11 16 17 11 20 21 11 85 20 21 18 19 20 21 18 19 121 9 2 1 1 2 2 2 1 1 1 2 2 2 1 2 0 4 119 16 17 22 23 16 17 85 11 18 19 16 17 18 19 11 11 11 11 11 11 11 11 11 11 11 11 11 11 11 11 11 11 11 11 11 11 11 11 93 11 11 11 11 11 11 11 11 11 11 11 11 11 11 11 11 11 11 11 11 11 11 11 11 11 11 
11 11 11 11 11 18 19 18 19 86 16 17 11 86 16 17 84 121 9 0 0 2 2 2 2 2 2 1 2 1 1 2 2 2 10 85 86 20 21 11 22 23 87 16 17 11 11 16 17 11 11 11 11 11 11 11 11 11 11 11 11 11 11 11 11 11 11 11 11 11 11 11 11 93 11 11 11 11 11 11 11 11 11 11 11 11 11 11 11 11 11 11 11 11 11 11 11 11 11 11 
11 11 11 11 11 16 17 16 17 11 87 11 18 19 87 22 23 87 121 7 7 7 7 7 7 7 7 7 7 7 9 0 2 1 10 22 23 11 18 19 20 21 11 11 22 23 11 85 22 23 11 22 23 11 11 11 11 11 11 11 11 11 11 11 11 11 11 11 11 11 11 11 11 93 11 11 11 11 11 11 11 11 11 11 11 11 11 11 11 11 11 11 11 11 11 11 11 11 11 11 
11 11 11 11 11 11 11 11 22 23 11 84 16 17 11 20 21 18 19 11 85 84 11 18 19 86 18 19 87 84 6 0 2 1 10 20 21 84 16 17 11 85 22 23 20 21 11 11 20 21 11 20 21 11 11 11 11 11 11 11 11 11 11 11 11 11 11 11 11 11 11 11 11 93 11 11 11 11 11 11 11 11 11 11 11 11 11 11 11 11 11 11 11 11 11 11 11 11 11 11 
11 11 11 11 11 11 11 11 20 21 18 19 11 86 85 11 86 16 17 86 22 23 86 16 17 84 16 17 18 19 6 0 2 1 10 11 85 18 19 22 23 87 20 21 11 11 18 19 11 22 23 11 11 22 23 11 11 11 11 11 11 11 11 11 11 11 11 11 11 11 11 11 11 93 11 11 11 11 11 11 11 11 11 11 11 11 11 11 11 11 11 11 11 11 11 11 11 11 11 11 
11 11 11 11 11 11 11 87 11 11 16 17 22 23 18 19 18 19 85 11 20 21 84 11 11 22 23 11 16 17 6 1 2 0 10 22 23 16 17 20 21 18 19 11 18 19 16 17 11 20 21 18 19 20 21 11 22 23 11 11 11 11 11 11 11 11 11 11 11 11 11 11 11 93 11 11 11 11 11 11 11 11 11 11 11 11 11 11 11 11 11 11 11 11 11 11 11 11 11 11 
11 11 11 11 11 11 11 11 22 23 84 87 20 21 16 17 16 17 18 19 11 11 84 18 19 20 21 11 85 11 6 2 2 0 10 20 21 86 18 19 84 16 17 11 16 17 11 87 18 19 11 16 17 11 22 23 20 21 11 11 11 11 11 11 11 11 11 11 11 11 11 11 11 93 11 11 11 11 11 11 11 11 11 11 11 11 11 11 11 11 11 11 11 11 11 11 11 11 11 11 
11 11 11 11 11 11 18 19 20 21 11 22 23 11 11 85 22 23 16 17 22 23 85 16 17 84 18 19 22 23 6 2 2 0 10 87 18 19 16 17 22 23 11 22 23 86 22 23 16 17 11 86 11 84 20 21 11 11 85 11 11 11 11 11 11 11 11 11 11 11 11 11 11 93 11 11 11 11 11 11 11 11 11 11 11 11 11 11 11 11 11 11 11 11 11 11 11 11 11 11 
11 11 11 11 11 11 16 17 18 19 85 20 21 18 19 86 20 21 11 86 20 21 85 11 86 11 16 17 20 21 6 0 2 1 10 85 16 17 11 84 20 21 84 20 21 85 20 21 11 22 23 85 11 18 19 18 19 87 11 11 86 11 11 11 11 11 11 11 11 11 11 11 11 93 11 11 11 11 11 11 11 11 11 11 11 11 11 11 11 11 11 11 11 11 11 11 11 11 11 11 
11 11 11 11 11 11 11 11 16 17 11 87 86 16 17 84 18 19 84 118 3 3 3 3 3 3 3 3 3 3 5 0 1 1 4 3 3 3 3 3 3 3 3 3 119 84 18 19 87 20 21 22 23 16 17 16 17 11 11 84 11 11 11 11 11 11 11 11 11 11 11 11 11 93 11 11 11 11 11 11 11 11 11 11 11 11 11 11 11 11 11 11 11 11 11 11 11 11 11 11 
11 11 11 11 11 11 22 23 11 22 23 18 19 11 22 23 16 17 118 5 1 1 0 0 0 0 1 1 0 2 2 2 1 2 2 2 0 0 0 2 2 1 0 0 4 119 16 17 18 19 85 20 21 84 11 87 22 23 22 23 85 11 11 11 11 11 11 11 11 11 11 11 11 93 11 11 11 11 11 11 11 11 11 11 11 11 11 11 11 11 11 11 11 11 11 11 11 11 11 11 
11 11 11 11 11 11 20 21 84 20 21 16 17 85 20 21 87 118 5 0 0 2 2 2 2 2 2 2 1 1 0 1 1 0 1 0 2 2 2 2 2 2 2 2 0 4 119 84 16 17 22 23 11 18 19 11 20 21 20 21 11 11 11 22 23 11 11 11 11 11 11 11 11 93 11 11 11 11 11 11 11 11 11 11 11 11 11 11 11 11 11 11 11 11 11 11 11 11 11 11 
11 11 11 11 11 22 23 18 19 86 11 11 22 23 11 22 23 6 2 2 2 2 0 0 0 0 0 0 1 1 0 1 0 0 1 2 0 2 2 2 0 0 2 2 2 2 10 18 19 11 20 21 85 16 17 18 19 11 85 18 19 22 23 20 21 11 11 11 11 11 11 11 11 93 11 11 11 11 11 11 11 11 11 11 11 11 11 11 11 11 11 11 11 11 11 11 11 11 11 11 
11 11 11 22 23 20 21 16 17 22 23 84 20 21 85 20 21 6 0 2 2 8 7 7 7 7 7 7 7 7 7 7 7 7 7 7 7 7 7 7 7 7 9 1 2 2 10 16 17 22 23 86 18 19 87 16 17 22 23 16 17 20 21 11 11 22 23 11 18 19 11 11 11 93 11 11 11 11 11 11 11 11 11 11 11 11 11 11 11 11 11 11 11 11 11 11 11 11 11 11 
11 11 11 20 21 22 23 87 11 20 21 22 23 18 19 11 85 6 0 2 0 10 85 18 19 87 11 11 22 23 11 86 11 11 85 22 23 11 85 84 18 19 6 0 1 2 10 11 84 20 21 84 16 17 11 11 84 20 21 11 18 19 22 23 11 20 21 11 16 17 11 11 11 93 11 11 11 11 11 11 11 11 11 11 11 11 11 11 11 11 11 11 11 11 11 11 11 11 11 11 
11 11 22 23 11 20 21 18 19 11 86 20 21 16 17 18 19 6 2 2 0 10 87 16 17 22 23 11 20 21 18 19 22 23 11 20 21 86 22 23 16 17 6 0 2 0 10 85 22 23 11 22 23 85 18 19 86 22 23 87 16 17 20 21 18 19 11 22 23 11 11 18 19 93 11 11 11 11 11 11 11 11 11 11 11 11 11 11 11 11 11 11 11 11 11 11 11 11 11 11 
22 23 20 21 22 23 11 16 17 18 19 11 22 23 84 16 17 6 0 2 0 10 18 19 84 20 21 11 11 11 16 17 20 21 11 84 18 19 20 21 11 85 6 2 1 1 10 84 20 21 87 20 21 11 16 17 86 20 21 18 19 11 11 11 16 17 11 20 21 22 23 16 17 93 11 11 11 11 11 11 11 11 11 11 11 11 11 11 11 11 11 11 11 11 11 11 11 11 11 11 
20 21 11 11 20 21 18 19 86 16 17 84 20 21 11 87 11 6 0 2 2 10 16 17 11 85 86 18 19 11 11 11 86 11 22 23 16 17 11 18 19 11 6 2 0 1 10 18 19 11 85 11 18 19 11 84 22 23 11 16 17 11 18 19 11 18 19 11 11 20 21 87 84 93 11 11 11 11 11 11 11 11 11 11 11 11 11 11 11 11 11 11 11 11 11 11 11 11 11 11 
11 11 22 23 11 11 16 17 22 23 11 22 23 85 11 22 23 6 2 1 2 10 84 22 23 18 19 16 17 22 23 11 18 19 20 21 11 22 23 16 17 11 6 1 2 1 10 16 17 18 19 11 16 17 22 23 20 21 22 23 18 19 16 17 11 16 17 22 23 85 22 23 11 93 11 11 11 11 11 11 11 11 11 11 11 11 11 11 11 11 11 11 11 11 11 11 11 11 11 11 
11 87 20 21 18 19 11 85 20 21 11 20 21 18 19 20 21 6 0 1 2 10 11 20 21 16 17 11 86 20 21 11 16 17 11 87 84 20 21 84 11 86 6 0 2 0 10 11 11 16 17 84 86 11 20 21 11 87 20 21 16 17 85 84 22 23 87 20 21 11 20 21 87 93 11 11 11 11 11 11 11 11 11 11 11 11 11 11 11 11 11 11 11 11 11 11 11 11 11 11 
11 11 11 85 16 17 11 18 19 87 18 19 87 16 17 11 85 6 0 2 2 10 85 11 11 22 23 86 118 3 3 3 3 3 3 3 3 3 3 3 3 3 5 2 2 1 4 3 3 3 3 3 3 3 3 3 3 3 3 119 85 22 23 86 20 21 18 19 22 23 11 84 11 93 11 11 11 11 11 11 11 11 11 11 11 11 11 11 11 11 11 11 11 11 11 11 11 11 11 11 
11 18 19 86 11 22 23 16 17 84 16 17 118 3 3 3 3 5 2 2 0 10 18 19 87 20 21 118 5 1 1 1 2 0 0 2 2 2 0 0 0 0 2 2 1 1 1 1 1 0 0 1 2 2 0 1 1 0 0 4 119 20 21 11 11 84 16 17 20 21 86 22 23 93 11 11 11 11 11 11 11 11 11 11 11 11 11 11 11 11 11 11 11 11 11 11 11 11 11 11 
11 16 17 22 23 20 21 11 22 23 11 85 6 0 2 2 2 2 2 2 0 10 16 17 11 84 118 5 0 1 2 2 2 2 2 2 2 1 1 1 2 2 2 2 2 2 2 1 2 2 0 2 2 2 2 0 2 2 0 0 4 119 85 18 19 87 22 23 85 18 19 20 21 93 11 11 11 11 11 11 11 11 11 11 11 11 11 11 11 11 11 11 11 11 11 11 11 11 11 11 
11 85 11 20 21 84 18 19 20 21 18 19 6 0 2 2 1 1 1 2 8 120 11 11 18 19 6 0 0 2 0 0 0 0 2 0 0 0 2 2 2 2 0 1 1 1 0 2 2 0 0 2 0 1 1 2 2 1 2 0 0 10 86 16 17 11 20 21 11 16 17 11 85 93 11 11 11 11 11 11 11 11 11 11 11 11 11 11 11 11 11 11 11 11 11 11 11 11 11 11 
11 18 19 11 22 23 16 17 11 11 16 17 6 0 0 2 1 2 0 8 120 84 22 23 16 17 6 1 2 2 8 7 7 7 7 7 7 7 7 7 7 7 9 2 2 1 8 7 7 7 7 7 7 7 7 7 7 9 0 2 1 10 84 11 85 18 19 22 23 86 22 23 11 93 11 11 11 11 11 11 11 11 11 11 11 11 11 11 11 11 11 11 11 11 11 11 11 11 11 11 
11 16 17 84 20 21 11 22 23 11 87 84 121 7 7 7 7 7 7 120 22 23 20 21 11 86 6 0 2 0 10 86 22 23 11 11 11 22 23 87 11 85 6 2 1 0 10 84 18 19 11 22 23 84 11 85 87 6 1 2 1 10 18 19 86 16 17 20 21 84 20 21 87 93 11 11 11 11 11 11 11 11 11 11 11 11 11 11 11 11 11 11 11 11 11 11 11 11 11 11 
11 84 11 11 11 86 85 20 21 18 19 22 23 11 86 11 18 19 11 85 20 21 11 85 18 19 6 0 1 0 10 85 20 21 18 19 84 20 21 18 19 11 6 0 2 2 10 86 16 17 85 20 21 18 19 22 23 6 2 1 0 10 16 17 22 23 11 85 22 23 11 18 19 93 11 11 11 11 11 11 11 11 11 11 11 11 11 11 11 11 11 11 11 11 11 11 11 11 11 11 
38 38 38 38 38 116 11 11 86 16 17 20 21 87 18 19 16 17 22 23 11 18 19 11 16 17 6 2 1 0 10 11 11 87 16 17 18 19 86 16 17 84 6 0 2 1 10 85 22 23 84 86 11 16 17 20 21 6 2 2 0 10 85 87 20 21 18 19 20 21 84 16 17 93 11 11 11 11 11 11 11 11 11 11 11 11 11 11 11 11 11 11 11 11 11 11 11 11 11 11 
41 41 41 41 41 39 38 38 116 11 11 11 84 11 16 17 11 87 20 21 84 16 17 86 11 84 6 2 2 0 10 84 18 19 22 23 16 17 22 23 18 19 6 0 2 2 10 11 20 21 18 19 84 11 18 19 11 6 1 2 0 10 22 23 11 11 16 17 11 11 87 22 23 93 11 11 11 11 11 11 11 11 11 11 11 11 11 11 11 11 11 11 11 11 11 11 11 11 11 11 
41 41 41 41 41 41 41 41 39 38 38 38 116 85 22 23 84 118 3 3 3 3 3 3 3 3 5 0 0 2 10 11 16 17 20 21 18 19 20 21 16 17 6 2 2 1 10 22 23 87 16 17 22 23 16 17 11 6 1 2 2 10 20 21 18 19 85 18 19 22 23 20 21 93 11 11 11 11 11 11 11 11 11 11 11 11 11 11 11 11 11 11 11 11 11 11 11 11 11 11 
41 41 41 41 41 41 41 41 41 41 41 41 40 11 20 21 118 5 0 0 0 2 2 2 2 2 0 1 0 1 10 18 19 85 22 23 16 17 11 22 23 11 6 1 2 0 10 20 21 18 19 11 20 21 86 85 87 6 0 2 0 10 11 84 16 17 86 16 17 20 21 86 85 93 11 11 11 11 11 11 11 11 11 11 11 11 11 11 11 11 11 11 11 11 11 11 11 11 11 11 
41 41 41 41 41 41 41 41 41 41 41 41 40 22 23 118 5 0 2 2 2 2 2 1 1 2 2 2 0 8 120 16 17 11 20 21 87 84 85 20 21 86 6 1 2 0 10 84 11 16 17 118 3 3 3 3 3 5 2 2 1 10 18 19 22 23 18 19 11 11 18 19 11 93 11 11 11 11 11 11 11 11 11 11 11 11 11 11 11 11 11 11 11 11 11 11 11 11 11 11 
41 41 41 41 41 41 41 41 41 41 41 41 40 20 21 6 0 2 2 0 0 0 0 0 0 0 0 0 8 120 11 11 118 3 3 3 3 3 3 3 3 3 5 1 2 0 10 18 19 11 118 5 1 2 2 0 0 2 2 1 2 10 16 17 20 21 16 17 22 23 16 17 84 93 11 11 11 11 11 11 11 11 11 11 11 11 11 11 11 11 11 11 11 11 11 11 11 11 11 11 
41 41 41 41 41 41 41 41 41 41 41 41 39 116 85 6 1 2 0 8 7 7 7 7 7 7 7 7 120 11 85 118 5 0 2 2 1 0 0 1 1 0 0 2 2 0 10 16 17 118 5 0 2 2 1 1 2 2 1 0 8 120 84 22 23 86 11 84 20 21 11 22 23 93 11 11 11 11 11 11 11 11 11 11 11 11 11 11 11 11 11 11 11 11 11 11 11 11 11 11 
41 41 41 41 41 41 41 41 41 41 41 41 41 40 87 6 1 2 1 10 18 19 85 22 23 18 19 84 22 23 118 5 0 2 2 2 1 2 2 1 1 1 1 1 2 8 120 22 23 6 0 2 2 2 0 2 2 0 0 8 120 22 23 20 21 85 22 23 87 22 23 20 21 93 11 11 11 11 11 11 11 11 11 11 11 11 11 11 11 11 11 11 11 11 11 11 11 11 11 11 
41 41 41 41 41 41 41 41 41 41 41 41 41 40 11 6 0 1 2 10 16 17 11 20 21 16 17 86 20 21 6 0 2 2 0 2 2 0 2 2 1 2 2 0 8 120 84 20 21 6 1 2 0 8 7 7 7 7 7 120 87 20 21 11 18 19 20 21 11 20 21 11 11 93 11 11 11 11 11 11 11 11 11 11 11 11 11 11 11 11 11 11 11 11 11 11 11 11 11 11 
41 41 41 41 41 41 41 41 41 41 41 41 41 40 85 6 1 0 0 10 86 22 23 84 85 11 22 23 11 11 6 1 1 1 8 7 7 7 7 7 7 7 7 7 120 86 22 23 11 6 1 2 1 10 22 23 86 18 19 18 19 85 18 19 16 17 85 11 18 19 11 11 11 93 11 11 11 11 11 11 11 11 11 11 11 11 11 11 11 11 11 11 11 11 11 11 11 11 11 11 
41 41 41 41 41 41 41 41 41 41 41 41 41 40 84 6 1 1 0 10 11 20 21 11 18 19 20 21 18 19 6 2 1 1 10 87 84 18 19 11 22 23 85 86 18 19 20 21 84 6 0 2 1 10 20 21 11 16 17 16 17 11 16 17 11 11 22 23 16 17 11 11 11 93 11 11 11 11 11 11 11 11 11 11 11 11 11 11 11 11 11 11 11 11 11 11 11 11 11 11 
41 41 41 41 41 41 41 41 41 41 41 41 41 40 11 6 0 1 0 10 87 18 19 86 16 17 11 11 16 17 6 0 1 0 10 22 23 16 17 11 20 21 22 23 16 17 11 18 19 6 0 1 2 10 11 87 22 23 84 18 19 22 23 11 22 23 20 21 86 11 11 11 11 93 11 11 11 11 11 11 11 11 11 11 11 11 11 11 11 11 11 11 11 11 11 11 11 11 11 11 
41 41 41 41 41 41 41 41 41 41 41 41 41 40 84 6 0 1 1 10 84 16 17 22 23 18 19 86 22 23 121 7 7 7 120 20 21 22 23 11 11 11 20 21 87 18 19 16 17 6 0 1 1 10 18 19 20 21 11 16 17 20 21 87 20 21 84 11 18 19 11 11 11 93 11 11 11 11 11 11 11 11 11 11 11 11 11 11 11 11 11 11 11 11 11 11 11 11 11 11 
41 41 41 41 41 41 41 41 41 41 41 41 41 40 11 6 0 1 1 10 22 23 11 20 21 16 17 84 20 21 18 19 11 11 11 85 11 20 21 22 23 11 18 19 84 16 17 22 23 6 1 0 2 10 16 17 85 18 19 84 18 19 11 18 19 22 23 11 16 17 11 11 11 93 11 11 11 11 11 11 11 11 11 11 11 11 11 11 11 11 11 11 11 11 11 11 11 11 11 11 
41 41 41 41 41 41 41 41 41 41 41 41 41 40 87 6 1 1 1 10 20 21 85 11 22 23 11 18 19 84 16 17 11 11 11 18 19 85 86 20 21 11 16 17 11 85 87 20 21 6 1 1 1 10 11 22 23 16 17 11 16 17 85 16 17 20 21 84 11 11 11 11 11 93 11 11 11 11 11 11 11 11 11 11 11 11 11 11 11 11 11 11 11 11 11 11 11 11 11 11 
41 41 41 41 41 41 41 41 41 41 41 41 33 114 118 5 1 1 0 4 119 86 18 19 20 21 85 16 17 11 11 11 11 22 23 16 17 118 3 3 3 3 3 3 3 3 3 3 3 5 1 1 0 10 86 20 21 11 87 18 19 11 22 23 11 84 11 18 19 11 11 11 11 93 11 11 11 11 11 11 11 11 11 11 11 11 11 11 11 11 11 11 11 11 11 11 11 11 11 11 
41 41 41 41 41 41 41 41 41 41 41 41 40 118 5 1 1 1 1 1 4 119 16 17 11 13 11 15 11 11 14 13 11 20 21 11 118 5 2 1 0 0 0 2 2 2 2 2 1 0 1 0 1 10 18 19 84 22 23 16 17 11 20 21 86 18 19 16 17 22 23 11 11 93 11 11 11 11 11 11 11 11 11 11 11 11 11 11 11 11 11 11 11 11 11 11 11 11 11 11 
41 41 41 41 41 41 41 41 41 41 41 41 40 6 0 1 1 1 1 1 0 10 22 23 14 194 195 196 12 11 11 11 11 18 19 118 5 0 2 1 1 2 1 1 1 1 1 1 2 1 0 2 8 120 16 17 11 20 21 87 22 23 85 11 11 16 17 84 11 20 21 11 87 93 11 11 11 11 11 11 11 11 11 11 11 11 11 11 11 11 11 11 11 11 11 11 11 11 11 11 
41 41 41 41 41 41 41 41 41 41 41 41 40 6 0 1 1 1 1 1 0 10 20 21 197 198 199 200 201 11 13 11 15 16 17 6 0 2 2 1 2 0 0 0 0 0 1 1 0 1 1 8 120 22 23 118 3 3 3 119 20 21 87 18 19 11 11 86 22 23 11 11 85 93 11 11 11 11 11 11 11 11 11 11 11 11 11 11 11 11 11 11 11 11 11 11 11 11 11 11 
41 41 41 41 41 41 41 41 41 41 41 41 40 121 0 1 1 1 1 1 8 120 84 85 202 203 204 205 206 11 188 189 11 84 11 6 2 2 2 8 7 7 7 7 7 7 7 7 7 7 7 120 11 20 21 6 0 2 2 10 11 18 19 16 17 11 22 23 20 21 18 19 86 93 11 11 11 11 11 11 11 11 11 11 11 11 11 11 11 11 11 11 11 11 11 11 11 11 11 11 
41 41 41 41 41 41 41 41 41 41 41 41 39 116 121 9 0 1 1 8 120 85 18 19 207 208 209 210 211 13 190 191 11 22 23 6 0 2 0 10 84 22 23 11 86 11 85 18 19 87 11 84 18 19 85 6 1 0 0 10 84 16 17 84 18 19 20 21 11 86 16 17 11 93 11 11 11 11 11 11 11 11 11 11 11 11 11 11 11 11 11 11 11 11 11 11 11 11 11 11 
41 41 41 41 41 41 41 41 41 41 41 41 41 39 116 121 7 7 7 120 84 11 16 17 212 213 214 215 216 11 177 178 11 20 21 6 0 2 2 10 11 20 21 22 23 18 19 16 17 11 18 19 16 17 11 6 1 0 0 10 85 86 22 23 16 17 87 11 22 23 11 11 84 93 11 11 11 11 11 11 11 11 11 11 11 11 11 11 11 11 11 11 11 11 11 11 11 11 11 11 
41 41 41 41 41 41 41 41 41 41 41 41 41 41 39 38 38 38 116 85 22 23 11 12 11 13 11 11 15 11 11 11 14 18 19 6 1 2 2 10 85 11 86 20 21 16 17 11 22 23 16 17 11 18 19 6 1 0 2 10 18 19 20 21 86 22 23 84 20 21 18 19 11 93 11 11 11 11 11 11 11 11 11 11 11 11 11 11 11 11 11 11 11 11 11 11 11 11 11 11 
41 41 41 41 41 41 41 41 41 41 41 41 41 41 41 41 41 41 40 11 20 21 22 23 18 19 11 11 11 22 23 18 19 16 17 6 0 2 0 10 18 19 11 22 23 87 18 19 20 21 11 22 23 16 17 6 0 1 2 10 16 17 11 22 23 20 21 18 19 11 16 17 84 93 11 11 11 11 11 11 11 11 11 11 11 11 11 11 11 11 11 11 11 11 11 11 11 11 11 11 
41 41 41 41 41 41 41 41 41 41 41 41 41 41 41 41 41 41 40 87 11 86 20 21 16 17 11 11 11 20 21 16 17 11 11 6 1 2 0 10 16 17 85 20 21 84 16 17 11 11 86 20 21 11 87 6 1 0 0 10 22 23 85 20 21 84 11 16 17 85 11 22 23 93 11 11 11 11 11 11 11 11 11 11 11 11 11 11 11 11 11 11 11 11 11 11 11 11 11 11 
41 41 41 41 41 41 41 41 41 41 41 41 41 41 41 41 41 41 40 11 11 85 18 19 84 118 3 3 3 3 3 3 3 3 3 5 2 2 0 4 3 3 3 3 3 3 3 3 3 3 3 3 3 3 3 5 0 1 1 10 20 21 18 19 86 22 23 11 22 23 87 20 21 93 11 11 11 11 11 11 11 11 11 11 11 11 11 11 11 11 11 11 11 11 11 11 11 11 11 11 
41 41 41 41 41 41 41 41 41 41 41 41 41 41 41 41 41 41 40 84 22 23 16 17 118 5 0 0 0 2 0 2 2 0 0 2 2 0 1 0 0 1 1 0 0 2 2 2 2 0 1 1 0 1 2 2 1 2 2 10 85 84 16 17 11 20 21 87 20 21 86 85 11 93 11 11 11 11 11 11 11 11 11 11 11 11 11 11 11 11 11 11 11 11 11 11 11 11 11 11 
41 41 41 41 41 41 41 41 41 41 41 41 41 41 41 41 41 33 114 11 20 21 11 118 5 0 1 1 2 2 2 2 2 2 2 2 1 0 2 2 2 0 1 2 2 2 2 2 2 2 1 1 2 2 2 2 2 2 8 178 18 19 86 18 19 85 84 22 23 11 18 19 11 93 11 11 11 11 11 11 11 11 11 11 11 11 11 11 11 11 11 11 11 11 11 11 11 11 11 11 
41 41 41 41 41 41 41 41 41 41 41 41 41 41 41 41 41 40 86 11 11 22 23 6 0 2 2 2 2 0 0 0 0 0 2 2 2 1 2 0 1 0 1 2 0 0 0 1 1 1 1 1 1 2 2 1 0 8 178 84 16 17 11 16 17 22 23 20 21 11 16 17 11 93 11 11 11 11 11 11 11 11 11 11 11 11 11 11 11 11 11 11 11 11 11 11 11 11 11 11 
41 41 41 41 41 41 41 41 41 41 41 41 41 41 41 41 41 40 85 84 84 20 21 6 1 2 2 8 7 7 7 7 7 7 7 7 7 7 7 7 7 7 7 7 7 7 7 7 7 7 7 7 7 7 7 7 7 178 22 23 87 22 23 87 11 20 21 11 11 18 19 11 11 93 11 11 11 11 11 11 11 11 11 11 11 11 11 11 11 11 11 11 11 11 11 11 11 11 11 11 
41 41 41 41 41 41 41 41 41 41 41 41 41 41 41 41 41 40 11 11 87 18 19 6 2 2 1 10 22 23 86 18 19 85 18 19 11 84 85 22 23 11 86 18 19 85 11 22 23 87 22 23 11 84 84 18 19 85 20 21 11 20 21 22 23 85 18 19 86 16 17 84 11 93 11 11 11 11 11 11 11 11 11 11 11 11 11 11 11 11 11 11 11 11 11 11 11 11 11 11 
41 41 41 41 41 41 41 41 41 41 41 41 41 41 41 41 41 40 85 18 19 16 17 6 2 2 2 10 20 21 11 16 17 11 16 17 18 19 84 20 21 22 23 16 17 18 19 20 21 84 20 21 86 22 23 16 17 22 23 11 18 19 84 20 21 11 16 17 18 19 11 11 11 93 11 11 11 11 11 11 11 11 11 11 11 11 11 11 11 11 11 11 11 11 11 11 11 11 11 11 
41 41 41 41 41 41 41 41 41 41 41 41 41 41 41 41 33 114 86 16 17 11 84 6 2 1 2 10 11 18 19 87 22 23 11 85 16 17 11 87 84 20 21 84 11 16 17 11 85 22 23 18 19 20 21 22 23 20 21 84 16 17 18 19 87 84 22 23 16 17 11 11 11 93 11 11 11 11 11 11 11 11 11 11 11 11 11 11 11 11 11 11 11 11 11 11 11 11 11 11 
41 41 41 41 41 41 41 41 41 41 41 41 41 41 41 41 40 11 11 11 11 22 23 6 2 2 2 10 84 16 17 11 20 21 86 22 23 85 18 19 11 18 19 22 23 11 87 22 23 20 21 16 17 18 19 20 21 11 22 23 86 11 16 17 22 23 20 21 11 11 11 11 11 93 11 11 11 11 11 11 11 11 11 11 11 11 11 11 11 11 11 11 11 11 11 11 11 11 11 11 
41 41 41 41 41 41 41 41 41 41 41 41 41 41 41 41 40 11 85 11 85 20 21 6 1 2 2 10 18 19 22 23 84 22 23 20 21 11 16 17 11 16 17 20 21 22 23 20 21 84 18 19 87 16 17 11 86 84 20 21 85 22 23 11 20 21 11 11 11 11 11 11 11 93 11 11 11 11 11 11 11 11 11 11 11 11 11 11 11 11 11 11 11 11 11 11 11 11 11 11 
41 41 41 41 41 41 41 41 41 41 41 41 41 41 41 41 40 11 87 18 19 11 11 121 7 7 7 120 16 17 20 21 11 20 21 87 84 18 19 85 11 87 22 23 11 20 21 86 22 23 16 17 85 11 22 23 18 19 11 22 23 20 21 11 11 11 11 11 11 11 11 11 11 93 11 11 11 11 11 11 11 11 11 11 11 11 11 11 11 11 11 11 11 11 11 11 11 11 11 11 
41 41 41 41 41 41 41 41 41 41 41 41 41 41 41 41 40 84 11 16 17 25 25 25 25 11 31 25 25 25 25 22 23 85 18 19 11 16 17 86 22 23 20 21 85 22 23 11 20 21 11 11 22 23 20 21 16 17 11 20 21 11 11 11 11 11 11 11 11 11 11 11 11 93 11 11 11 11 11 11 11 11 11 11 11 11 11 11 11 11 11 11 11 11 11 11 11 11 11 11 
41 41 41 41 41 41 41 41 41 41 41 41 41 41 41 33 114 11 11 85 11 11 11 118 3 3 3 119 11 85 87 20 21 86 16 17 11 84 11 87 20 21 11 11 11 20 21 18 19 86 18 19 20 21 11 11 11 11 11 11 11 11 11 11 11 11 11 11 11 11 11 11 11 93 11 11 11 11 11 11 11 11 11 11 11 11 11 11 11 11 11 11 11 11 11 11 11 11 11 11 
41 41 41 41 41 41 41 41 41 41 41 41 41 41 41 40 84 11 18 19 11 22 23 6 0 2 0 10 86 18 19 11 84 18 19 11 11 11 11 11 11 11 11 11 11 11 11 16 17 11 16 17 11 11 11 11 11 11 11 11 11 11 11 11 11 11 11 11 11 11 11 11 11 93 11 11 11 11 11 11 11 11 11 11 11 11 11 11 11 11 11 11 11 11 11 11 11 11 11 11 
41 41 41 41 41 41 41 41 41 41 41 41 41 41 41 40 11 11 16 17 87 20 21 6 1 1 0 10 11 16 17 22 23 16 17 11 11 11 11 11 11 11 11 11 11 11 11 11 11 11 11 11 11 11 11 11 11 11 11 11 11 11 11 11 11 11 11 11 11 11 11 11 11 93 11 11 11 11 11 11 11 11 11 11 11 11 11 11 11 11 11 11 11 11 11 11 11 11 11 11 
41 41 41 41 41 41 41 41 41 41 41 41 41 41 41 40 11 11 86 11 11 84 11 6 0 2 1 10 22 23 85 20 21 11 11 11 11 11 11 11 11 11 11 11 11 11 11 11 11 11 11 11 11 11 11 11 11 11 11 11 11 11 11 11 11 11 11 11 11 11 11 11 11 93 11 11 11 11 11 11 11 11 11 11 11 11 11 11 11 11 11 11 11 11 11 11 11 11 11 11 
41 41 41 41 41 41 41 41 41 41 41 41 41 41 33 114 85 11 84 22 23 11 11 6 0 1 1 10 20 21 87 11 22 23 84 11 11 11 11 11 11 11 11 11 11 11 11 11 11 11 11 11 11 11 11 11 11 11 11 11 11 11 11 11 11 11 11 11 11 11 11 11 11 93 11 11 11 11 11 11 11 11 11 11 11 11 11 11 11 11 11 11 11 11 11 11 11 11 11 11 
41 41 41 41 41 41 41 41 41 41 41 41 41 41 40 87 11 11 11 20 21 18 19 6 2 1 0 10 84 18 19 11 20 21 11 86 11 11 11 11 11 11 11 11 11 11 11 11 11 11 11 11 11 11 11 11 11 11 11 11 11 11 11 11 11 11 11 11 11 11 11 11 11 93 11 11 11 11 11 11 11 11 11 11 11 11 11 11 11 11 11 11 11 11 11 11 11 11 11 11 
41 41 41 41 41 41 41 41 41 41 41 41 41 41 40 11 11 11 84 87 85 16 17 6 1 0 2 10 86 16 17 11 85 11 11 11 11 11 11 11 11 11 11 11 11 11 11 11 11 11 11 11 11 11 11 11 11 11 11 11 11 11 11 11 11 11 11 11 11 11 11 11 11 93 11 11 11 11 11 11 11 11 11 11 11 11 11 11 11 11 11 11 11 11 11 11 11 11 11 11 

0 0 0 0 0 0 0 0 0 0 0 0 0 0 0 0 0 0 0 0 0 0 0 0 0 0 0 0 0 0 0 0 0 0 0 0 0 0 0 0 0 0 0 0 0 0 0 0 0 0 0 0 0 0 0 0 0 0 0 0 0 0 0 0 0 0 0 0 0 0 0 0 0
0 0 0 0 0 0 0 0 0 0 0 0 0 0 0 0 0 0 0 0 0 0 0 0 0 0 0 0 0 0 0 0 0 0 0 0 0 0 0 0 0 0 0 0 0 0 0 0 0 0 0 0 0 0 0 0 0 0 0 0 0 0 0 0 0 0 0 0 0 0 0 0 0
0 0 0 0 0 0 0 0 0 0 0 0 0 0 0 0 0 0 0 0 0 0 0 0 0 0 0 0 0 0 0 0 0 0 0 0 0 0 0 0 0 0 0 0 0 0 0 0 0 0 0 0 0 0 0 0 0 0 0 0 0 0 0 0 0 0 0 0 0 0 0 0 0
0 0 0 0 0 0 0 0 0 0 0 0 0 0 0 0 0 0 0 0 0 0 0 0 0 0 0 0 0 0 0 0 0 0 0 0 0 0 0 0 0 0 0 0 0 0 0 0 0 0 0 0 0 0 0 0 0 0 0 0 0 0 0 0 0 0 0 0 0 0 0 0 0
0 0 0 0 0 0 0 0 0 0 0 0 0 0 0 0 0 0 0 0 0 0 0 0 0 0 0 0 0 0 0 0 0 0 0 0 0 0 0 0 0 0 0 0 0 0 0 0 0 0 0 0 0 0 0 0 0 0 0 0 0 0 0 0 0 0 0 0 0 0 0 0 0
0 0 0 0 0 0 0 0 0 0 0 0 0 0 0 0 0 0 0 0 0 0 0 0 0 0 0 0 0 0 0 0 0 0 0 0 0 0 0 0 0 0 0 0 0 0 0 0 0 0 0 0 0 0 0 0 0 0 0 0 0 0 0 0 0 0 0 0 0 0 0 0 0
0 0 0 0 0 0 0 0 0 0 0 0 0 0 0 0 0 0 0 0 0 0 0 0 0 0 0 0 0 0 0 0 0 0 0 0 0 0 0 0 0 0 0 0 0 0 0 0 0 0 0 0 0 0 0 0 0 0 0 0 0 0 0 0 0 0 0 0 0 0 0 0 0
0 0 0 0 0 0 0 0 0 0 0 0 0 0 0 0 0 0 0 0 0 0 0 0 0 0 0 0 0 0 0 0 0 0 0 0 0 0 0 0 0 0 0 0 0 0 0 0 0 0 0 0 0 0 0 0 0 0 0 0 0 0 0 0 0 0 0 0 0 0 0 0 0
0 0 0 0 0 0 0 0 0 0 0 0 0 0 0 0 0 0 0 0 0 0 0 0 0 0 0 0 0 0 0 0 0 0 0 0 0 0 0 0 0 0 0 0 0 0 0 0 0 0 0 0 0 0 0 0 0 0 0 0 0 0 0 0 0 0 0 0 0 0 0 0 0
0 0 0 0 0 0 0 0 0 0 0 0 0 0 0 0 0 0 0 0 0 0 0 0 0 0 0 0 0 0 0 0 0 0 0 0 0 0 0 0 0 0 0 0 0 0 0 0 0 0 0 0 0 0 0 0 0 0 0 0 0 0 0 0 0 0 0 0 0 0 0 0 0
0 0 0 0 0 0 0 0 0 0 0 0 0 0 0 0 0 0 0 0 0 0 0 0 0 0 0 0 0 0 0 0 0 0 0 0 0 0 0 0 0 0 0 0 0 0 0 0 0 0 0 0 0 0 0 0 0 0 0 0 0 0 0 0 0 0 0 0 0 0 0 0 0
0 0 0 0 0 0 0 0 0 0 0 0 0 0 0 0 0 0 0 0 0 0 0 0 0 0 0 0 0 0 0 0 0 0 0 0 0 0 0 0 0 0 0 0 0 0 0 0 0 0 0 0 0 0 0 0 0 0 0 0 0 0 0 0 0 0 0 0 0 0 0 0 0
0 0 0 0 0 0 0 0 0 0 0 0 0 0 0 0 0 0 0 0 0 0 0 0 0 0 0 0 0 0 0 0 0 0 0 0 0 0 0 0 0 0 0 0 0 0 0 0 0 0 0 0 0 0 0 0 0 0 0 0 0 0 0 0 0 0 0 0 0 0 0 0 0
0 0 0 0 0 0 0 0 0 0 0 0 0 0 0 0 0 0 0 0 0 0 0 0 0 0 0 0 0 0 0 0 0 0 0 0 0 0 0 0 0 0 0 0 0 0 0 0 0 0 0 0 0 0 0 0 0 0 0 0 0 0 0 0 0 0 0 0 0 0 0 0 0
0 0 0 0 0 0 0 0 0 0 0 0 0 0 0 0 0 0 0 0 0 0 0 0 0 0 0 0 0 0 0 0 0 0 0 0 0 0 0 0 0 0 0 0 0 0 0 0 0 0 0 0 0 0 0 0 0 0 0 0 0 0 0 0 0 0 0 0 0 0 0 0 0
0 0 0 0 0 0 0 0 0 0 0 0 0 0 0 0 0 0 0 0 0 0 0 0 0 0 0 0 0 0 0 0 0 0 0 0 0 0 0 0 0 0 0 0 0 0 0 0 0 0 0 0 0 0 0 0 0 0 0 0 0 0 0 0 0 0 0 0 0 0 0 0 0
0 0 0 0 0 0 0 0 0 0 0 0 0 0 0 0 0 0 0 0 0 0 0 0 0 0 0 0 0 0 0 0 0 0 0 0 0 0 0 0 0 0 0 0 0 0 0 0 0 0 0 0 0 0 0 0 0 0 0 0 0 0 0 0 0 0 0 0 0 0 0 0 0
0 0 0 0 0 0 0 0 0 0 0 0 0 0 0 0 0 0 0 0 0 0 0 0 0 0 0 0 0 0 0 0 5 0 0 0 0 0 0 0 0 0 0 0 0 0 0 0 0 0 0 0 0 0 0 0 0 0 0 0 0 0 0 0 0 0 0 0 0 0 0 0 0
0 0 0 0 0 0 0 0 0 0 0 0 0 0 0 0 0 0 0 0 0 0 0 0 0 0 0 0 0 0 0 0 0 0 0 0 0 0 0 0 0 0 0 0 0 0 0 0 0 0 0 0 0 0 0 0 0 0 0 0 0 0 0 0 0 0 0 0 0 0 0 0 0
0 0 0 0 0 0 0 0 0 0 0 0 0 0 0 0 0 0 0 0 0 0 0 0 0 0 0 0 0 0 0 0 0 0 0 0 0 0 0 0 0 0 0 0 0 0 0 0 0 0 0 0 0 0 0 0 0 0 0 0 0 0 0 0 0 0 0 0 0 0 0 0 0
0 0 0 0 0 0 0 0 0 0 0 0 0 0 0 0 0 0 0 0 0 0 0 0 0 0 0 0 0 0 0 0 0 0 0 0 0 0 0 0 0 0 0 0 0 0 0 0 0 0 0 0 0 0 0 0 0 0 0 0 0 0 0 0 0 0 0 0 0 0 0 0 0
0 0 0 0 0 0 0 0 0 0 0 0 0 0 0 0 0 0 0 0 0 0 0 0 0 0 0 0 0 0 0 0 0 0 0 0 0 0 0 0 0 0 0 0 0 0 0 0 0 0 0 0 0 0 0 0 0 0 0 0 0 0 0 0 0 0 0 0 0 0 0 0 0
0 0 0 0 0 0 0 0 0 0 0 0 0 0 0 0 0 0 0 0 0 0 0 0 0 0 0 0 0 0 0 0 0 0 0 0 0 0 0 0 0 0 0 0 0 0 0 0 0 0 0 0 0 0 0 0 0 0 0 0 0 0 0 0 0 0 0 0 0 0 0 0 0
0 0 0 0 0 0 0 0 0 0 0 0 0 0 0 0 0 0 0 0 0 0 0 0 0 0 0 0 0 0 0 0 0 0 0 0 0 0 0 0 0 0 0 0 0 0 0 0 0 0 0 0 0 0 0 0 0 0 0 0 0 0 0 0 0 0 0 0 0 0 0 0 0
0 0 0 0 0 0 0 0 0 0 0 0 0 0 0 0 0 0 0 0 0 0 99 0 0 0 0 0 0 0 0 0 0 0 0 0 0 0 0 0 0 0 0 0 0 0 0 0 0 0 0 0 0 0 0 0 0 0 0 0 0 0 0 0 0 0 0 0 0 0 0 0 0
0 0 0 0 0 0 0 0 0 0 0 0 0 0 0 0 0 0 0 0 5 0 0 0 0 0 5 0 0 0 0 0 0 0 0 0 0 0 0 0 0 0 0 5 0 0 0 0 0 0 0 0 0 0 0 0 0 0 0 0 0 0 0 0 0 0 0 0 0 0 0 0 0
0 0 0 0 0 0 0 0 0 0 0 0 0 0 0 0 0 0 0 0 0 0 0 0 0 0 0 0 0 0 0 0 0 0 0 0 0 0 0 0 0 0 0 0 0 0 0 0 0 0 0 0 0 0 0 0 0 0 0 0 0 0 0 0 0 0 0 0 0 0 0 0 0
0 0 0 0 0 0 0 0 0 0 0 0 0 0 0 0 0 0 0 0 0 0 0 0 0 0 0 0 0 0 0 0 0 0 0 0 0 0 0 0 0 0 0 0 0 0 0 0 0 0 0 0 0 0 0 0 0 0 0 0 0 0 0 0 0 0 0 0 0 0 0 0 0
0 0 0 0 0 0 0 0 0 0 0 0 0 0 0 0 0 0 0 0 0 0 0 0 0 0 0 0 0 0 0 0 0 0 0 0 0 0 0 0 0 0 0 0 0 0 0 0 0 0 0 0 0 0 0 0 0 0 0 0 0 0 0 0 0 0 0 0 0 0 0 0 0
0 0 0 0 0 0 0 0 0 0 0 0 0 0 0 0 0 0 0 0 0 0 0 0 0 0 0 0 0 1 0 0 0 0 0 0 0 0 0 0 0 0 0 0 0 0 0 0 0 0 0 0 0 0 0 0 0 0 0 0 0 0 0 0 0 0 0 0 0 0 0 0 0
0 0 0 0 0 0 0 0 0 0 0 0 0 0 0 0 0 0 0 0 0 0 0 0 0 0 0 0 0 0 0 0 0 0 0 0 0 0 0 0 0 0 0 0 0 0 0 0 0 0 0 0 0 0 0 0 0 0 0 0 0 0 0 0 0 0 0 0 0 0 0 0 0
0 0 0 0 0 0 0 0 0 0 0 0 0 0 0 0 0 0 0 0 0 0 0 0 0 0 0 0 0 0 0 0 0 0 0 0 0 0 0 0 0 0 0 0 0 0 0 0 0 0 0 0 0 0 0 0 0 0 0 0 0 0 0 0 0 0 0 0 0 0 0 0 0
0 0 0 0 0 0 0 0 0 0 0 0 0 0 0 0 0 0 0 0 0 0 0 0 0 0 0 0 0 0 0 0 0 0 0 0 0 0 0 0 0 0 0 0 0 0 0 0 0 0 0 0 0 0 0 0 1 0 0 0 0 0 0 0 0 0 0 0 0 0 0 0 0
0 0 0 0 0 0 0 0 0 0 0 0 0 0 0 1 0 0 0 0 0 0 0 0 0 0 0 0 0 0 0 0 0 0 0 0 0 0 0 0 0 0 0 0 0 0 0 0 0 0 0 0 0 0 0 0 0 0 0 0 0 0 0 0 0 0 0 0 0 0 0 0 0
0 0 0 0 0 0 0 0 0 0 0 0 0 0 0 0 0 0 0 0 0 0 0 0 0 0 0 0 0 0 0 5 0 0 0 0 0 0 0 0 0 0 5 0 0 0 0 0 0 0 0 0 0 0 0 0 5 0 0 0 0 0 0 0 0 0 0 0 0 0 0 0 0
0 0 0 0 0 0 0 0 0 0 0 0 0 0 0 5 0 0 0 0 0 0 0 0 0 0 0 0 0 0 0 0 0 0 0 0 0 0 0 0 0 0 0 0 0 0 0 0 0 0 0 0 0 0 0 0 0 0 0 0 0 0 0 0 0 0 0 0 0 0 0 0 0
0 0 0 0 0 0 0 0 0 0 0 0 2 0 0 0 0 0 0 5 0 0 0 1 0 0 0 0 0 0 0 0 0 0 0 0 0 0 0 0 0 0 0 0 0 0 0 0 0 0 0 0 0 0 0 0 0 0 0 5 0 0 0 0 0 0 0 0 0 0 0 0 0
0 0 0 0 0 0 0 0 0 0 0 0 0 0 0 0 0 0 0 0 0 0 0 0 0 0 0 0 0 0 0 0 0 0 0 0 5 0 0 0 0 0 0 0 0 0 0 0 0 0 0 0 0 0 0 0 0 0 0 0 0 0 0 0 0 0 0 0 0 0 0 0 0
0 0 0 0 0 0 0 0 0 0 0 0 0 0 0 0 0 0 0 0 0 0 0 0 0 0 0 0 5 0 0 0 0 0 0 1 0 0 0 0 0 0 0 0 0 0 0 0 0 0 0 0 0 0 0 0 0 0 0 0 0 0 0 0 0 0 0 0 0 0 0 0 0
0 0 0 0 0 0 0 0 0 0 0 0 0 0 0 0 0 0 0 0 0 0 0 0 0 0 0 0 0 0 0 0 0 0 0 0 0 0 0 0 0 0 0 0 0 0 0 0 0 0 0 0 0 0 0 0 0 0 0 0 0 0 0 0 0 0 0 0 0 0 0 0 0
0 0 0 0 0 0 0 0 0 0 0 0 0 0 0 0 0 0 0 0 0 0 0 0 0 0 0 0 0 0 0 0 0 0 0 0 0 0 0 0 0 0 0 0 0 0 0 0 0 0 0 0 0 0 0 0 0 0 0 0 0 0 0 0 0 0 0 0 0 0 0 0 0
0 0 0 0 0 0 0 0 0 0 0 0 0 0 0 0 0 0 0 0 0 0 0 0 0 0 0 0 0 0 0 0 0 0 0 0 0 0 0 0 0 0 0 0 0 0 0 0 0 0 0 0 0 0 0 0 1 0 0 0 0 0 0 0 0 0 0 0 0 0 0 0 0
0 0 0 0 0 0 0 0 0 0 0 0 0 0 0 0 0 0 0 0 0 0 0 0 0 0 0 0 0 0 0 0 0 0 0 0 0 0 0 0 0 0 0 0 0 0 0 0 0 0 0 0 0 0 0 0 0 5 0 0 0 0 0 0 0 0 0 0 0 0 0 0 0
0 0 0 0 0 0 0 0 0 0 0 0 0 0 0 0 0 0 0 0 0 5 0 0 0 0 0 0 0 0 0 0 0 0 0 0 0 0 0 0 0 0 0 0 0 0 0 0 0 0 0 0 0 0 0 0 0 0 0 0 0 0 0 0 0 0 0 0 0 0 0 0 0
0 0 0 0 0 0 0 0 0 0 0 0 0 0 0 0 0 0 0 0 0 0 0 0 0 0 0 0 5 0 0 0 0 0 0 0 0 0 0 0 0 0 0 0 0 0 0 0 0 0 0 0 0 0 0 0 0 0 0 0 0 0 0 0 0 0 0 0 0 0 0 0 0
0 0 0 0 0 0 0 0 0 0 0 0 0 0 0 0 0 0 0 0 0 0 0 0 0 0 0 0 0 0 1 0 0 0 0 0 0 0 0 0 0 0 0 0 0 5 0 0 0 0 0 0 0 0 0 0 0 0 0 0 0 0 0 0 0 0 0 0 0 0 0 0 0
0 0 0 0 0 0 0 0 0 0 0 0 0 0 0 0 0 0 0 0 0 0 0 0 0 0 0 0 0 0 0 0 0 0 0 0 0 0 0 0 0 0 0 0 0 0 0 0 0 0 0 0 0 0 0 5 0 0 0 0 0 0 0 0 0 0 0 0 0 0 0 0 0
0 0 0 0 0 0 0 0 0 0 0 0 0 0 0 0 0 0 0 0 0 0 0 0 0 0 0 0 0 0 0 0 0 0 0 0 0 5 0 0 0 0 0 0 0 0 0 0 0 0 0 0 0 0 0 0 0 0 0 0 0 0 0 0 0 0 0 0 0 0 0 0 0
0 0 0 0 0 0 0 0 0 0 0 0 0 0 1 0 5 0 0 0 0 0 0 0 0 0 0 0 0 0 0 0 0 0 0 0 0 0 0 0 0 0 0 0 0 0 0 0 0 0 0 0 0 0 0 0 0 0 0 0 0 0 0 0 0 0 0 0 0 0 0 0 0
0 0 0 0 0 0 0 0 0 0 0 0 0 0 0 0 0 99 0 0 0 0 0 0 0 0 0 0 0 0 0 0 0 0 0 0 0 0 0 0 0 0 0 0 0 0 0 0 0 0 0 0 0 0 0 0 0 0 0 0 0 0 0 0 0 0 0 0 0 0 0 0 0
0 0 0 0 0 0 0 0 0 0 0 0 0 0 0 0 0 0 0 0 0 0 0 0 0 0 0 0 0 0 0 0 0 0 0 0 0 0 0 0 0 0 0 0 0 0 0 0 0 0 0 0 0 5 0 0 0 0 0 0 0 0 0 0 0 0 0 0 0 0 0 0 0
0 0 0 0 0 0 0 0 0 0 0 0 0 0 0 0 0 0 0 0 0 0 0 0 0 0 0 0 0 0 0 0 0 0 0 0 0 0 0 0 0 0 0 0 0 0 0 0 0 0 0 0 0 0 1 0 0 0 0 0 0 0 0 0 0 0 0 0 0 0 0 0 0
0 0 0 0 0 0 0 0 0 0 0 0 0 0 0 0 0 0 0 0 0 0 0 0 0 0 0 0 0 0 0 0 0 0 0 0 0 0 0 1 0 0 0 0 0 0 0 0 0 0 0 0 0 0 0 0 0 0 0 0 0 0 0 0 0 0 0 0 0 0 0 0 0
0 0 0 0 0 0 0 0 0 0 0 0 0 0 1 0 0 0 5 0 0 0 0 0 0 0 0 0 0 0 0 0 0 5 0 0 0 0 0 0 0 0 0 0 0 0 0 0 0 0 0 0 0 0 0 0 0 0 0 0 0 0 0 0 0 0 0 0 0 0 0 0 0
0 0 0 0 0 0 0 0 0 0 0 0 0 0 0 0 0 0 0 0 0 0 0 0 0 0 0 0 0 0 0 0 0 0 0 0 0 0 0 0 0 0 0 0 0 0 0 0 0 0 0 0 0 0 0 0 0 0 0 0 0 0 0 0 0 0 0 0 0 0 0 0 0
0 0 0 0 0 0 0 0 0 0 0 0 0 0 0 0 5 0 0 0 0 0 0 0 0 0 0 0 0 0 0 0 0 0 0 0 0 0 0 0 0 0 0 0 0 0 0 0 0 0 5 0 0 0 0 0 0 0 0 0 0 0 0 0 0 0 0 0 0 0 0 0 0
0 0 0 0 0 0 0 0 0 0 0 0 0 0 0 0 0 0 0 0 0 0 0 0 2 0 0 0 0 5 0 0 0 0 0 0 0 0 0 0 0 1 0 0 0 0 0 0 0 0 0 0 0 0 0 0 0 0 0 0 0 0 0 0 0 0 0 0 0 0 0 0 0
0 0 0 0 0 0 0 0 0 0 0 0 0 0 0 0 0 5 0 0 0 0 0 0 0 0 0 0 0 0 0 0 5 0 0 0 0 0 0 0 0 0 0 0 0 0 0 0 0 0 0 0 0 0 0 0 1 0 0 0 0 0 0 0 0 0 0 0 0 0 0 0 0
0 0 0 0 0 0 0 0 0 0 0 0 0 0 0 0 0 0 0 0 0 0 0 0 0 0 0 0 0 0 0 0 0 0 0 0 0 0 5 0 0 0 0 0 0 0 0 0 0 0 0 0 0 0 0 0 0 2 0 0 0 0 0 0 0 0 0 0 0 0 0 0 0
0 0 0 0 0 0 0 0 0 0 0 0 0 0 0 0 0 2 0 0 0 0 0 0 0 0 0 0 0 0 0 0 0 0 0 0 0 0 0 0 0 0 0 0 0 0 0 0 0 0 0 0 0 0 0 0 0 0 0 0 0 0 0 0 0 0 0 0 0 0 0 0 0
0 0 0 0 0 0 0 0 0 0 0 0 0 0 0 0 0 0 0 0 1 0 0 0 0 0 0 0 0 0 0 0 1 0 0 0 0 0 0 0 0 0 0 0 0 0 0 0 0 0 0 0 0 0 0 0 0 0 0 0 0 0 0 0 0 0 0 0 0 0 0 0 0
0 0 0 0 0 0 0 0 0 0 0 0 0 0 0 0 0 0 0 0 0 0 0 0 0 0 0 0 0 0 0 0 0 0 0 0 0 0 0 0 0 0 0 0 0 0 0 0 0 0 0 0 0 0 1 0 5 0 0 0 0 0 0 0 0 0 0 0 0 0 0 0 0
0 0 0 0 0 0 0 0 0 0 0 0 0 0 0 0 0 0 0 0 0 0 1 0 0 0 99 0 0 0 0 0 0 0 0 0 0 0 0 0 0 0 0 0 0 0 0 0 0 0 0 0 0 0 0 0 0 0 0 0 0 0 0 0 0 0 0 0 0 0 0 0 0
0 0 0 0 0 0 0 0 0 0 0 0 0 0 0 0 0 0 0 0 0 0 0 0 0 0 0 0 5 0 0 0 0 0 0 0 0 0 0 0 0 0 0 0 0 0 0 0 0 0 0 0 0 0 0 0 0 5 0 0 0 0 0 0 0 0 0 0 0 0 0 0 0
0 0 0 0 0 0 0 0 0 0 0 0 0 0 0 0 0 0 0 0 0 0 0 0 0 0 0 0 0 0 0 0 0 0 0 0 0 0 0 0 0 0 0 0 0 0 0 0 0 0 0 0 0 0 0 0 0 0 0 0 0 0 0 0 0 0 0 0 0 0 0 0 0
0 0 0 0 0 0 0 0 0 0 0 0 0 0 0 0 0 0 0 0 0 0 0 0 0 0 0 0 0 0 0 0 0 0 0 0 0 0 0 0 0 0 0 0 0 0 0 0 0 0 0 0 0 0 0 0 0 0 0 0 0 0 0 0 0 0 0 0 0 0 0 0 0
0 0 0 0 0 0 0 0 0 0 0 0 0 0 0 0 0 0 0 0 0 0 0 0 0 0 0 0 0 0 0 0 0 0 0 0 0 0 0 0 0 0 0 0 0 0 0 5 0 0 0 0 0 0 0 0 0 0 5 0 0 0 0 0 0 0 0 0 0 0 0 0 0
0 0 0 0 0 0 0 0 0 0 0 0 0 0 0 0 0 0 0 0 0 0 0 0 0 0 0 0 0 0 0 0 0 0 5 0 0 0 0 0 0 0 0 0 0 0 0 0 0 0 0 0 0 0 99 0 0 0 0 0 0 0 0 0 0 0 0 0 0 0 0 0 0
0 0 0 0 0 0 0 0 0 0 0 0 0 0 0 0 0 0 0 0 0 0 0 0 0 0 0 0 0 0 0 0 0 0 0 0 0 0 0 0 0 0 0 0 0 0 0 0 0 0 0 0 0 0 0 0 0 0 0 0 0 0 0 0 0 0 0 0 0 0 0 0 0
0 0 0 0 0 0 0 0 0 0 0 0 0 0 0 0 0 0 0 0 0 0 0 0 0 0 0 0 0 0 0 0 0 0 0 0 0 0 0 0 0 0 0 0 0 0 0 0 0 0 0 0 0 0 0 0 0 0 0 0 0 0 0 0 0 0 0 0 0 0 0 0 0
0 0 0 0 0 0 0 0 0 0 0 0 0 0 0 0 0 0 0 0 0 0 0 0 0 0 0 0 0 0 0 0 0 0 0 0 1 0 0 0 0 0 0 0 0 0 0 0 0 0 0 0 0 0 0 0 0 0 0 0 0 0 0 0 0 0 0 0 0 0 0 0 0
0 0 0 0 0 0 0 0 0 0 0 0 0 0 0 0 0 0 0 0 0 0 0 0 0 0 0 0 0 0 0 0 0 0 0 0 0 0 0 0 0 0 0 0 0 0 0 0 0 0 0 0 0 0 0 0 0 0 0 0 0 0 0 0 0 0 0 0 0 0 0 0 0
0 0 0 0 0 0 0 0 0 0 0 0 0 0 0 0 0 0 0 0 0 0 0 0 0 0 0 0 0 0 0 0 0 0 0 0 0 0 0 0 0 0 0 0 0 0 0 0 0 0 0 0 0 0 0 0 0 0 0 0 0 0 0 0 0 0 0 0 0 0 0 0 0
0 0 0 0 0 0 0 0 0 0 0 0 0 0 0 0 0 0 0 0 0 0 0 0 0 0 0 0 0 0 0 0 0 0 0 0 0 0 0 0 0 0 0 0 0 0 0 0 0 0 0 0 0 0 0 0 0 0 0 0 0 0 0 0 0 0 0 0 0 0 0 0 0
0 0 0 0 0 0 0 0 0 0 0 0 0 0 0 0 0 0 0 0 0 0 0 0 0 0 0 0 0 0 0 0 0 0 0 0 0 0 0 0 0 0 0 0 0 0 0 0 0 0 0 0 0 0 0 0 0 0 0 0 0 0 0 0 0 0 0 0 0 0 0 0 0
0 0 0 0 0 0 0 0 0 0 0 0 0 0 0 0 0 0 0 0 0 0 0 0 0 0 0 0 0 0 0 0 0 0 0 0 0 0 0 0 0 0 0 0 0 0 0 0 0 0 0 0 0 0 0 0 0 0 0 0 0 0 0 0 0 0 0 0 0 0 0 0 0
0 0 0 0 0 0 0 0 0 0 0 0 0 0 0 0 0 0 0 0 0 0 0 0 0 3 0 0 0 0 0 0 0 0 0 0 0 0 0 0 0 0 0 0 0 0 0 0 0 0 0 0 0 0 0 0 0 0 0 0 0 0 0 0 0 0 0 0 0 0 0 0 0
0 0 0 0 0 0 0 0 0 0 0 0 0 0 0 0 0 0 0 0 0 0 0 0 0 0 0 0 0 0 0 0 0 0 0 0 0 0 0 0 0 0 0 0 0 0 0 0 0 0 0 0 0 0 0 0 0 0 0 0 0 0 0 0 0 0 0 0 0 0 0 0 0
0 0 0 0 0 0 0 0 0 0 0 0 0 0 0 0 0 0 0 0 0 0 0 0 0 0 0 0 0 0 0 0 0 0 0 0 0 0 0 0 0 0 0 0 0 0 0 0 0 0 0 0 0 0 0 0 0 0 0 0 0 0 0 0 0 0 0 0 0 0 0 0 0
0 0 0 0 0 0 0 0 0 0 0 0 0 0 0 0 0 0 0 0 0 0 0 0 0 0 0 0 0 0 0 0 0 0 0 0 0 0 0 0 0 0 0 0 0 0 0 0 0 0 0 0 0 0 0 0 0 0 0 0 0 0 0 0 0 0 0 0 0 0 0 0 0
0 0 0 0 0 0 0 0 0 0 0 0 0 0 0 0 0 0 0 0 0 0 0 0 0 0 0 0 0 0 0 0 0 0 0 0 0 0 0 0 0 0 0 0 0 0 0 0 0 0 0 0 0 0 0 0 0 0 0 0 0 0 0 0 0 0 0 0 0 0 0 0 0
0 0 0 0 0 0 0 0 0 0 0 0 0 0 0 0 0 0 0 0 0 0 0 0 0 0 0 0 0 0 0 0 0 0 0 0 0 0 0 0 0 0 0 0 0 0 0 0 0 0 0 0 0 0 0 0 0 0 0 0 0 0 0 0 0 0 0 0 0 0 0 0 0
0 0 0 0 0 0 0 0 0 0 0 0 0 0 0 0 0 0 0 0 0 0 0 0 0 0 0 0 0 0 0 0 0 0 0 0 0 0 0 0 0 0 0 0 0 0 0 0 0 0 0 0 0 0 0 0 0 0 0 0 0 0 0 0 0 0 0 0 0 0 0 0 0
0 0 0 0 0 0 0 0 0 0 0 0 0 0 0 0 0 0 0 0 0 0 0 0 0 0 0 0 0 0 0 0 0 0 0 0 0 0 0 0 0 0 0 0 0 0 0 0 0 0 0 0 0 0 0 0 0 0 0 0 0 0 0 0 0 0 0 0 0 0 0 0 0