5,86,94,76,8,83,5,5
11 11 11 11 11 11 11 11 11 11 11 11 11 11 11 11 11 11 11 11 11 11 11 22 23 11 11 11 11 11 11 11 11 11 11 11 11 84 11 11 11 11 11 11 11 11 11 11 11 11 11 11 11 11 11 11 11 11 11 11 11 11 11 11 11 11 11 11 11 11 11 11 11 11 6 0 2 1 10 11 11 11 11 11 11 11 11 86 11 11 11 11 11 11 
11 11 11 11 84 11 11 18 19 86 11 11 11 11 11 84 11 11 11 85 11 86 11 20 21 11 11 11 84 11 87 11 11 85 11 11 11 11 11 11 11 11 18 19 11 11 86 86 11 18 19 11 86 11 11 84 11 11 11 11 86 11 11 11 18 19 11 86 11 11 87 11 84 11 6 0 0 0 10 11 18 19 11 84 11 84 11 11 11 87 11 85 11 11 
11 11 11 85 11 11 11 16 17 11 11 84 11 11 11 11 11 87 11 11 87 11 11 11 11 11 87 11 22 23 11 86 11 11 11 87 11 22 23 11 11 87 16 17 11 11 11 11 11 16 17 11 11 11 11 11 11 11 85 11 11 84 11 11 16 17 11 11 85 11 11 11 11 11 6 1 1 2 10 11 16 17 11 11 11 11 11 11 22 23 11 11 11 11 
11 11 11 11 87 87 11 11 11 11 11 11 11 11 85 11 86 11 11 22 23 11 84 11 11 86 11 11 20 21 11 11 11 85 11 11 11 20 21 11 11 11 11 11 11 11 11 11 11 11 11 11 87 84 11 18 19 11 11 11 11 86 11 11 11 87 11 11 11 11 18 19 11 11 6 2 0 2 10 11 11 11 11 11 87 11 85 11 20 21 11 87 87 11 
11 11 11 11 11 11 11 84 11 86 11 22 23 11 11 11 11 11 11 20 21 86 11 11 85 85 11 11 11 11 11 87 11 11 11 87 11 11 11 87 11 11 86 22 23 11 85 11 11 85 11 11 11 87 11 16 17 11 11 87 87 11 11 11 84 11 11 85 85 11 16 17 11 11 6 0 1 0 10 11 85 11 11 22 23 11 87 11 11 11 11 11 11 11 
11 11 22 23 11 84 11 11 11 86 11 20 21 11 86 11 85 11 11 11 11 86 87 11 84 11 11 84 11 11 18 19 86 11 11 11 11 84 11 11 11 11 11 20 21 11 11 11 86 11 11 18 19 11 87 11 11 11 86 11 22 23 11 11 84 11 11 11 11 11 11 11 11 11 6 2 2 1 10 11 11 87 11 20 21 11 11 11 11 87 11 84 11 11 
11 11 20 21 11 11 11 11 85 11 11 11 11 11 11 11 11 11 87 11 11 11 87 11 84 11 11 11 11 11 16 17 11 11 11 11 11 11 11 84 11 11 11 11 11 11 11 11 86 11 11 16 17 11 11 11 11 11 11 11 20 21 11 11 11 11 11 11 11 87 11 11 11 11 121 7 7 7 120 11 11 11 11 11 11 11 11 86 11 11 18 19 11 11 
11 11 11 11 87 11 22 23 11 11 11 130 135 135 135 135 135 135 135 135 135 135 135 135 135 135 135 135 135 135 135 135 135 135 135 135 135 135 135 135 135 135 135 135 135 135 135 135 135 135 135 135 135 135 135 135 135 135 135 135 135 135 135 135 135 135 135 135 135 135 135 131 131 131 131 131 468 131 131 131 131 131 132 11 11 85 11 11 84 11 16 17 87 11 
11 11 11 11 87 11 20 21 11 11 11 137 11 11 84 11 18 19 11 11 86 11 84 11 11 11 22 23 11 11 11 18 19 11 86 85 84 84 85 84 84 85 84 84 85 84 84 15 15 12 12 15 15 12 12 15 15 12 12 15 15 12 12 15 15 12 12 11 11 11 11 11 11 11 89 90 90 90 91 11 22 23 133 11 11 11 11 87 11 11 11 11 11 11 
11 11 84 11 11 11 11 87 11 86 11 137 85 22 23 11 16 17 11 11 11 11 11 11 87 84 20 21 85 85 11 16 17 85 11 85 15 11 11 11 11 11 11 11 11 15 84 15 15 12 12 15 15 12 12 15 15 12 12 15 15 12 12 15 15 12 12 22 23 11 11 11 11 11 92 93 93 93 94 11 20 21 133 11 11 11 86 11 87 11 11 11 11 11 
11 11 11 11 11 11 11 84 11 11 11 137 11 20 21 87 11 11 11 11 11 11 11 11 11 11 11 11 11 84 11 11 86 11 84 84 13 11 217 218 11 11 217 218 11 13 85 12 12 15 15 12 12 15 15 12 12 11 15 12 12 15 15 12 12 15 15 20 21 11 11 11 18 19 92 93 93 93 94 11 11 11 133 11 87 11 11 11 84 84 11 86 11 11 
11 11 11 18 19 86 11 11 85 11 11 137 11 11 84 11 11 11 22 23 11 11 11 11 11 11 86 11 11 11 18 19 11 87 11 84 14 11 11 11 11 11 11 11 11 14 85 12 12 15 15 12 12 15 15 12 12 15 15 12 12 15 15 12 12 15 15 11 11 11 11 11 16 17 92 93 93 93 94 22 23 11 133 11 11 86 18 19 11 84 87 11 11 11 
11 11 11 16 17 11 11 11 11 11 11 137 22 23 86 11 11 11 20 21 11 22 23 11 11 11 11 11 11 11 16 17 86 22 23 85 151 11 11 11 11 11 11 11 11 151 84 15 15 12 12 15 15 12 12 15 15 12 12 15 15 12 12 15 15 12 12 11 11 11 11 11 11 11 92 93 93 93 94 20 21 11 133 11 11 11 16 17 11 11 11 85 11 11 
11 11 87 11 11 11 11 11 11 11 11 137 20 21 118 3 3 3 3 119 85 20 21 18 19 11 11 11 22 23 84 11 11 20 21 84 152 11 217 218 11 11 217 218 11 152 84 15 15 12 12 15 15 12 12 15 15 12 12 15 15 12 12 15 15 12 12 11 11 11 11 18 19 11 92 93 93 93 94 11 11 11 133 11 87 11 11 11 11 84 11 11 11 11 
11 11 11 11 11 84 11 18 19 87 11 137 11 84 6 1 0 2 2 4 3 3 119 16 17 86 85 87 20 21 11 87 11 11 85 84 153 11 11 11 11 11 11 11 11 153 85 12 12 15 15 12 12 15 15 12 12 15 15 12 12 15 15 12 12 15 15 11 11 11 11 16 17 11 92 93 93 93 94 11 18 19 133 11 87 11 11 87 11 11 11 11 11 87 
11 11 86 11 11 11 11 16 17 87 11 137 11 118 5 0 8 9 0 2 1 2 4 3 3 3 119 11 11 85 89 90 90 90 90 90 90 90 90 90 90 90 90 90 90 90 90 90 90 90 90 90 90 90 90 90 90 90 90 90 90 90 90 90 90 90 90 90 90 90 90 90 90 90 219 93 93 93 94 11 16 17 133 11 11 86 11 11 11 86 18 19 11 11 
11 11 11 11 85 11 11 11 11 11 11 137 11 6 0 8 120 121 7 7 9 1 1 0 2 0 4 3 3 119 92 93 93 93 93 93 93 93 93 93 93 93 93 93 93 93 93 93 93 93 93 93 93 93 93 93 93 93 93 93 93 93 93 93 93 93 93 93 93 93 93 93 93 93 93 93 93 93 94 11 11 11 133 11 11 11 11 85 11 11 16 17 11 11 
11 11 11 11 11 11 84 11 86 11 11 137 84 6 0 10 85 18 19 87 121 7 7 7 9 2 1 0 2 10 92 93 93 93 93 93 93 93 93 93 93 93 93 93 93 93 93 93 93 93 93 93 93 93 93 93 93 93 93 93 93 93 93 93 93 93 93 93 93 93 93 93 93 93 93 93 93 93 94 11 11 11 133 11 11 11 11 11 11 11 11 11 11 11 
11 18 19 11 11 11 11 11 86 11 11 137 85 6 2 4 119 16 17 11 84 86 11 11 121 7 7 7 7 120 92 93 93 93 93 93 93 93 93 93 93 93 93 93 93 93 93 93 93 93 93 93 93 93 93 93 93 93 93 93 93 93 93 93 93 93 93 93 93 93 93 93 93 93 93 93 93 93 94 11 11 11 133 11 22 23 11 11 11 11 11 11 87 87 
11 16 17 11 87 11 11 85 11 11 11 137 11 6 2 2 10 84 11 85 11 18 19 11 11 84 11 22 23 11 92 93 93 93 222 96 96 96 96 96 96 96 96 96 96 96 221 93 93 93 222 96 96 96 96 96 96 96 96 96 96 96 96 221 93 93 93 222 96 96 96 96 96 96 96 96 96 96 97 18 19 11 133 11 20 21 86 11 86 11 87 11 11 11 
11 11 11 11 84 11 11 11 85 11 11 137 84 121 9 1 10 11 22 23 11 16 17 85 86 22 23 20 21 85 92 93 93 93 94 84 11 217 218 13 14 13 217 218 11 85 92 93 93 93 94 12 12 12 13 13 13 14 14 14 15 15 15 92 93 93 93 94 22 23 11 18 19 118 3 119 84 11 11 16 17 11 133 11 11 11 87 11 11 11 87 11 11 87 
11 11 11 11 22 23 11 11 11 11 11 137 11 11 6 1 10 11 20 21 87 11 11 86 11 20 21 11 11 87 92 93 93 93 94 85 11 11 11 11 11 11 11 11 11 85 92 93 93 93 94 12 12 12 13 13 13 14 14 14 15 15 15 92 93 93 93 94 20 21 86 16 17 6 0 10 86 22 23 84 11 11 133 11 11 11 87 11 11 11 11 84 11 11 
11 11 84 11 20 21 11 87 86 87 11 137 85 11 6 0 4 3 3 119 84 85 22 23 11 87 11 11 22 23 92 93 93 93 94 11 115 38 38 38 38 38 38 38 116 11 92 93 93 93 94 12 12 12 13 11 13 14 14 14 15 15 15 92 93 93 93 94 11 85 11 11 118 5 1 10 11 20 21 11 87 11 133 11 11 11 11 11 85 86 11 84 11 11 
11 11 84 11 11 84 11 11 11 11 11 137 22 23 6 1 2 0 0 4 3 119 20 21 11 11 11 11 20 21 92 93 93 93 94 11 223 113 113 41 41 41 41 41 40 11 92 93 93 93 94 12 12 12 13 13 13 14 14 14 15 15 15 92 93 93 93 94 11 22 23 118 5 2 0 10 11 84 11 11 22 23 133 11 11 84 11 11 11 11 11 84 11 11 
11 11 11 11 11 84 11 11 18 19 11 137 20 21 121 7 7 9 1 1 0 4 119 11 11 11 11 87 11 86 92 93 93 93 94 11 36 41 113 113 113 41 41 41 40 11 92 93 93 93 94 12 12 12 13 13 13 14 14 14 15 15 15 92 93 93 93 94 11 20 21 6 0 2 8 120 11 11 11 11 20 21 133 11 11 84 11 11 11 22 23 11 11 11 
11 11 11 85 11 11 11 11 16 17 11 137 87 11 18 19 11 121 7 7 9 0 10 11 11 11 11 18 19 84 92 93 93 93 94 151 36 41 41 41 41 41 41 41 40 151 92 93 93 93 94 12 12 12 13 13 13 14 14 14 15 15 15 92 93 93 93 94 87 11 11 6 0 8 120 85 11 11 11 11 11 85 133 11 11 11 11 86 11 20 21 11 11 11 
11 11 11 11 11 11 11 11 11 11 11 137 11 85 16 17 84 22 23 11 6 2 10 84 18 19 11 16 17 11 92 93 93 93 94 152 117 34 34 34 34 34 34 34 114 152 92 93 93 93 94 12 12 12 13 13 13 14 14 14 15 15 15 92 93 93 93 94 18 19 11 6 1 4 119 11 11 11 11 87 11 11 133 11 11 11 11 11 11 11 11 11 84 11 
11 11 11 22 23 86 87 11 11 11 11 137 85 11 86 11 11 20 21 85 121 7 120 87 16 17 85 11 11 11 92 93 93 93 94 153 84 84 85 84 85 84 85 85 84 153 92 93 93 93 94 12 12 12 13 13 13 14 14 14 15 15 15 92 93 93 93 94 16 17 11 6 1 0 10 11 22 23 11 11 11 11 133 11 18 19 11 11 11 11 11 11 11 11 
11 11 11 20 21 11 11 84 86 11 11 137 11 84 11 22 23 86 89 90 90 90 90 90 90 90 90 90 90 90 219 93 93 93 220 90 90 90 90 90 90 90 90 90 90 90 219 93 93 93 220 90 90 90 90 90 90 90 90 90 90 90 90 219 93 93 93 94 84 11 11 121 9 0 10 11 20 21 11 11 11 84 133 11 16 17 11 11 84 11 11 85 11 11 
11 11 87 11 11 11 11 11 11 11 11 137 11 11 11 20 21 11 92 93 93 93 93 93 93 93 93 93 93 93 93 93 93 93 93 93 93 93 93 93 93 93 93 93 93 93 93 93 93 93 93 93 93 93 93 93 93 93 93 93 93 93 93 93 93 93 93 94 86 18 19 11 6 2 4 3 3 119 11 11 87 85 133 11 11 11 11 11 11 11 87 11 11 11 
11 11 11 86 11 11 87 11 11 86 11 137 87 18 19 84 11 87 92 93 93 93 93 93 93 93 93 93 93 93 93 93 93 93 93 93 93 93 93 93 93 93 93 93 93 93 93 93 93 93 93 93 93 93 93 93 93 93 93 93 93 93 93 93 93 93 93 94 11 16 17 84 6 0 2 1 2 4 3 3 119 11 133 11 11 11 11 11 84 11 11 11 87 11 
11 11 87 11 84 11 11 18 19 11 11 137 11 16 17 11 85 11 92 93 93 93 93 93 93 93 93 93 93 93 93 93 93 93 93 93 93 93 93 93 93 93 93 93 93 93 93 93 93 93 93 93 93 93 93 93 93 93 93 93 93 93 93 93 93 93 93 94 11 11 87 11 121 7 7 9 0 1 2 1 4 119 133 11 85 11 87 11 84 11 11 18 19 11 
11 11 11 11 84 11 11 16 17 11 11 137 11 85 11 11 11 11 92 93 93 93 222 96 96 96 96 96 96 96 221 93 93 93 222 96 96 96 96 96 96 96 96 96 96 96 96 221 93 93 93 222 96 96 96 96 96 96 96 96 96 96 96 96 96 96 96 97 22 23 11 11 86 11 11 121 7 7 7 9 0 10 133 11 11 11 11 11 11 11 11 16 17 11 
11 11 11 11 11 86 11 87 11 11 11 137 85 11 22 23 11 86 92 93 93 93 94 13 14 13 14 13 13 13 92 93 93 93 94 14 14 14 15 15 15 15 15 15 14 14 14 92 93 93 93 94 14 15 14 15 14 15 14 15 14 15 14 15 14 15 14 87 20 21 11 11 11 11 11 11 18 19 87 6 0 10 133 11 11 87 11 11 11 11 11 11 11 11 
11 11 11 11 11 11 11 11 11 11 86 137 11 87 20 21 84 11 92 93 93 93 94 14 13 14 13 14 13 14 92 93 93 93 94 14 14 14 15 15 14 14 15 15 14 14 14 92 93 93 93 94 15 14 15 14 15 14 15 14 15 14 15 14 15 14 15 11 84 11 11 11 11 11 11 11 16 17 11 6 1 10 133 11 11 11 11 11 11 86 86 11 11 11 
11 11 11 11 85 11 86 11 84 11 11 137 11 85 11 11 18 19 92 93 93 93 94 13 14 13 14 13 14 13 92 93 93 93 94 14 14 14 15 14 14 14 14 15 14 14 14 92 93 93 93 94 11 11 11 11 11 11 84 85 11 11 11 11 11 11 11 18 19 11 86 11 11 11 11 11 84 11 118 5 1 10 133 11 11 11 22 23 11 11 11 86 11 11 
11 11 18 19 11 85 11 11 11 11 11 137 86 11 11 87 16 17 92 93 93 93 94 14 13 14 13 14 13 14 92 93 93 93 94 14 14 14 15 14 14 14 14 15 14 14 14 92 93 93 93 94 151 11 11 217 218 11 85 84 11 217 218 11 11 151 11 16 17 11 11 11 22 23 85 86 84 11 6 2 0 10 133 11 11 11 20 21 11 87 85 11 11 11 
11 11 16 17 11 11 11 11 87 87 11 137 11 11 11 11 84 11 92 93 93 93 94 13 14 13 14 13 14 13 92 93 93 93 94 14 14 14 15 15 14 14 15 15 14 14 14 92 93 93 93 94 152 11 11 11 11 11 84 85 11 11 11 11 11 152 11 11 84 22 23 11 20 21 87 11 86 118 5 0 8 120 133 11 11 11 11 11 84 11 11 85 11 11 
11 11 11 11 11 11 11 85 85 11 11 137 18 19 86 11 11 85 92 93 93 93 94 84 85 84 85 84 85 84 92 93 93 93 94 14 14 14 15 15 15 15 15 15 14 14 14 92 93 93 93 94 153 11 11 11 11 11 85 84 11 11 11 11 11 153 11 11 86 20 21 11 86 118 3 3 3 5 1 1 10 11 133 11 86 11 11 11 84 11 11 11 11 11 
11 11 11 11 11 86 11 11 85 11 11 137 16 17 11 11 11 11 92 93 93 93 94 85 11 86 18 19 89 90 219 93 93 93 220 90 90 90 90 90 90 90 90 90 90 90 90 219 93 93 93 220 90 90 90 90 90 90 90 90 90 90 90 90 90 90 90 90 90 90 91 85 11 6 2 0 1 0 2 8 120 11 133 11 86 11 11 11 84 11 11 11 87 11 
11 11 11 86 11 11 11 11 11 11 11 137 84 11 11 22 23 11 92 93 93 93 94 87 84 11 16 17 92 93 93 93 93 93 93 93 93 93 93 93 93 93 93 93 93 93 93 93 93 93 93 93 93 93 93 93 93 93 93 93 93 93 93 93 93 93 93 93 93 93 94 118 3 5 1 8 7 7 7 120 11 84 133 11 11 11 84 11 11 11 11 11 87 11 
11 11 11 11 11 18 19 11 87 11 11 137 11 85 87 20 21 85 95 96 96 96 97 18 19 87 11 84 92 93 93 93 93 93 93 93 93 93 93 93 93 93 93 93 93 93 93 93 93 93 93 93 93 93 93 93 93 93 93 93 93 93 93 93 93 93 93 93 93 93 94 6 0 0 1 10 11 11 11 11 22 23 133 11 11 86 11 11 11 22 23 11 87 11 
11 11 11 11 11 16 17 11 87 11 11 137 11 18 19 87 84 11 11 118 3 119 84 16 17 11 85 11 92 93 93 93 93 93 93 93 93 93 93 93 93 93 93 93 93 93 93 93 93 93 93 93 93 93 93 93 93 93 93 93 93 93 93 93 93 93 93 93 93 93 94 121 7 7 7 120 11 18 19 85 20 21 133 11 11 86 11 11 11 20 21 11 11 11 
11 11 11 84 11 11 11 11 11 84 11 137 11 16 17 11 11 11 11 6 0 10 11 11 86 11 18 19 92 93 93 93 222 96 96 96 96 96 96 96 96 96 96 96 96 96 96 96 96 96 96 96 96 96 96 96 96 96 96 96 96 96 96 96 96 96 221 93 93 93 94 22 23 85 18 19 86 16 17 11 86 11 133 11 11 11 87 87 11 11 11 11 11 11 
11 11 11 84 11 11 86 11 11 11 11 137 84 11 86 11 118 3 3 5 0 10 11 87 11 84 16 17 92 93 93 93 94 11 85 11 11 11 86 11 217 218 84 11 11 11 11 11 87 84 115 38 38 38 38 38 38 38 116 11 11 86 85 11 11 11 92 93 93 93 94 20 21 11 16 17 11 11 84 11 11 11 133 11 22 23 11 11 85 11 11 11 84 11 
11 11 11 11 11 11 86 11 11 11 11 137 22 23 11 11 6 1 2 0 2 10 18 19 11 11 85 11 92 93 93 93 94 11 115 38 38 38 116 11 11 11 11 115 38 38 38 38 38 38 37 41 41 41 41 41 41 41 39 38 38 38 38 38 116 11 92 93 93 93 94 85 84 85 85 84 85 84 85 85 85 84 133 11 20 21 11 11 11 11 11 11 84 11 
11 11 11 11 84 11 11 22 23 11 11 137 20 21 11 118 5 0 8 7 7 120 16 17 11 22 23 11 92 93 93 93 94 87 36 41 41 41 39 38 38 38 38 37 41 41 41 41 41 41 41 41 41 41 41 41 41 41 41 41 41 41 41 41 40 11 92 93 93 93 94 11 11 11 11 11 11 11 11 11 11 11 133 11 11 11 11 11 85 11 11 84 11 11 
11 11 11 11 11 11 11 20 21 11 87 137 85 87 11 6 0 2 10 11 86 84 11 84 11 20 21 86 92 93 93 93 94 11 36 41 41 41 41 41 41 41 41 41 41 41 41 41 41 41 41 41 41 41 41 41 41 41 41 41 41 41 41 41 40 87 92 93 93 93 94 11 217 218 11 11 84 11 11 217 218 11 133 11 11 11 11 85 11 11 86 11 11 11 
11 22 23 11 11 11 11 11 11 11 87 137 11 11 11 6 1 8 120 11 11 11 11 11 11 11 11 84 92 93 93 93 94 11 36 41 41 41 41 41 41 41 41 41 41 41 41 41 41 41 41 41 33 34 34 34 34 35 41 41 41 41 41 41 40 11 92 93 93 93 94 11 11 11 11 15 15 15 11 11 11 11 133 11 11 11 11 11 11 11 11 11 11 11 
11 20 21 11 11 85 11 11 11 87 11 137 11 11 118 5 1 10 11 22 23 11 11 11 11 85 22 23 92 93 93 93 94 84 36 41 41 41 41 41 41 41 41 41 41 41 41 33 34 34 34 34 114 11 86 11 11 117 35 41 41 41 41 41 40 84 92 93 93 93 94 11 11 11 115 38 38 38 116 11 11 11 133 11 85 11 11 87 18 19 11 11 86 11 
11 11 11 11 11 11 11 11 84 11 11 137 86 11 6 2 1 10 11 20 21 11 11 11 11 11 20 21 92 93 93 93 94 115 37 41 41 41 41 41 41 41 41 41 41 41 41 40 11 11 84 11 11 11 11 85 11 11 36 41 41 41 41 41 40 11 92 93 93 93 94 11 115 38 37 41 41 41 39 38 116 11 133 11 11 11 11 11 16 17 11 86 11 11 
11 11 11 11 86 11 11 85 11 11 11 137 11 11 6 0 8 120 11 11 11 11 11 11 11 11 87 11 92 93 93 93 94 171 163 163 163 163 163 163 163 163 163 163 163 163 163 168 11 11 11 18 19 11 11 11 11 11 36 41 41 41 41 41 40 11 92 93 93 93 94 11 36 41 41 41 41 41 41 41 40 11 133 11 11 11 11 11 11 11 11 11 11 11 
11 11 86 11 11 11 11 11 11 11 11 137 22 23 6 2 4 119 85 85 11 11 18 19 11 86 18 19 92 93 93 93 94 172 174 174 174 174 174 174 174 174 174 174 174 174 174 169 11 11 11 16 17 11 11 11 11 11 117 35 41 41 41 41 39 116 92 93 93 93 94 11 36 41 41 113 41 41 41 41 40 11 133 11 11 11 11 86 11 11 11 11 11 11 
11 11 11 11 22 23 11 11 11 87 11 137 20 21 121 9 0 4 3 3 119 11 16 17 11 84 16 17 92 93 93 93 94 172 174 174 174 174 174 174 174 174 174 174 174 174 174 169 11 11 11 11 11 11 86 11 22 23 11 36 41 41 41 41 41 40 92 93 93 93 94 11 36 41 41 113 113 41 41 41 40 11 133 11 11 11 11 11 11 87 11 84 11 11 
11 11 84 11 20 21 84 84 11 11 11 137 11 85 11 6 1 0 1 1 4 3 3 3 119 11 11 85 92 93 93 93 94 173 164 164 164 164 164 164 164 164 164 164 164 164 164 170 86 11 11 11 11 11 11 11 20 21 11 36 41 41 41 41 41 40 92 93 93 93 94 11 117 34 35 41 113 113 33 34 114 11 133 11 18 19 11 11 84 11 11 11 11 11 
11 11 84 11 11 11 11 11 11 84 11 137 11 11 11 121 7 7 9 2 2 0 2 0 4 3 119 84 95 96 96 96 97 117 35 41 41 41 41 41 41 41 41 41 41 41 41 39 38 116 85 11 11 217 218 11 84 11 11 117 35 41 41 41 41 40 92 93 93 93 94 11 14 14 117 34 224 224 114 12 12 11 133 11 16 17 11 87 11 11 85 11 11 11 
11 11 11 11 11 11 86 11 11 11 11 137 11 18 19 11 86 11 121 7 7 7 9 2 1 0 10 11 18 19 86 84 11 87 36 41 41 41 41 41 41 41 41 41 41 41 41 41 41 39 116 11 11 11 11 11 11 11 11 87 36 41 41 41 41 40 92 93 93 93 94 11 14 14 11 11 11 11 11 12 12 11 133 11 11 11 11 87 87 85 11 11 11 87 
11 11 11 11 11 11 11 11 11 11 11 137 11 16 17 84 11 22 23 11 11 11 121 7 9 0 10 11 16 17 11 22 23 85 36 41 41 41 41 41 41 41 41 41 41 41 41 41 41 41 40 11 11 18 19 11 11 11 11 11 36 41 41 41 41 40 92 93 93 93 94 84 84 85 84 85 84 84 84 85 85 85 133 11 11 11 11 11 11 11 11 11 11 11 
11 11 11 85 11 84 11 11 18 19 11 137 11 11 87 11 85 20 21 11 11 84 87 11 6 2 10 11 11 86 11 20 21 11 36 41 41 41 41 41 41 41 41 41 41 41 41 41 41 41 40 11 87 16 17 11 11 11 11 11 36 41 41 41 41 40 92 93 93 93 94 86 11 84 22 23 11 11 11 11 11 11 133 11 11 11 85 11 11 11 86 11 86 11 
11 11 11 11 11 84 11 11 16 17 11 137 18 19 11 11 11 11 11 11 11 11 11 118 5 2 10 11 11 11 11 85 11 86 36 41 41 41 41 41 41 41 41 41 41 41 41 41 41 41 40 84 11 11 11 11 11 85 11 115 37 41 41 41 33 114 92 93 93 93 94 18 19 11 20 21 11 11 11 11 87 11 133 11 11 11 11 11 11 11 18 19 11 11 
11 11 11 87 11 11 11 11 11 11 11 137 16 17 11 11 11 11 11 11 22 23 11 6 1 1 10 84 11 11 11 11 18 19 36 41 41 41 41 41 41 41 41 41 41 41 41 41 41 41 39 116 11 11 11 115 38 38 38 37 41 41 41 41 40 84 92 93 93 93 94 16 17 85 11 86 87 18 19 85 22 23 133 11 11 86 11 11 11 11 16 17 11 11 
11 11 11 18 19 11 11 86 11 87 11 137 85 11 11 84 11 11 11 11 20 21 11 6 2 8 120 11 11 11 11 11 16 17 117 35 41 41 41 41 41 41 41 41 41 41 41 41 41 41 41 39 38 38 38 37 41 41 41 41 41 41 41 41 40 11 92 93 93 93 94 118 3 3 3 3 119 16 17 11 20 21 133 11 11 11 11 11 86 86 11 11 11 87 
11 11 11 16 17 11 11 86 86 11 11 137 87 22 23 11 11 11 11 11 11 11 118 5 1 10 11 11 87 11 11 11 22 23 84 36 41 41 41 41 41 41 41 41 41 41 41 41 41 41 41 41 41 41 41 41 41 41 41 41 41 41 41 41 40 11 92 93 93 93 94 6 0 0 2 2 4 3 3 3 3 119 133 11 22 23 11 11 11 86 11 11 11 11 
11 11 11 11 11 11 11 11 11 87 11 137 11 20 21 11 11 11 11 11 85 11 6 1 0 10 11 11 84 18 19 11 20 21 11 36 41 41 41 41 41 41 33 34 34 34 34 34 35 41 41 41 41 41 41 41 41 41 41 41 41 41 41 41 40 11 92 93 93 93 94 121 7 7 9 0 1 0 1 1 0 10 133 11 20 21 11 11 11 86 11 87 11 11 
11 87 11 11 11 11 84 11 85 11 11 137 84 11 11 86 22 23 11 11 18 19 6 0 8 120 18 19 11 16 17 85 87 11 11 117 34 34 34 34 34 34 114 18 19 11 11 85 117 34 34 34 34 35 41 41 41 41 41 33 34 34 34 34 114 86 92 93 93 93 94 18 19 11 121 7 7 7 7 9 0 10 133 11 11 11 11 84 11 84 84 11 11 11 
11 87 11 84 11 11 11 11 11 11 11 137 11 84 11 84 20 21 85 11 16 17 121 7 120 84 16 17 86 11 11 11 11 11 87 11 11 85 11 11 11 11 11 16 17 11 11 11 11 11 11 87 84 117 34 34 34 34 34 114 85 11 11 11 11 11 92 93 93 93 94 16 17 85 11 11 11 86 11 6 1 10 133 11 11 11 84 84 11 11 11 11 11 11 
11 11 11 84 86 11 22 23 11 85 11 137 85 86 85 11 86 11 11 87 89 90 90 90 90 90 90 90 90 90 90 90 90 90 90 90 90 90 90 90 90 90 90 90 90 90 90 90 90 90 90 90 90 90 90 90 90 90 90 90 90 90 90 90 90 90 219 93 93 93 94 11 18 19 11 11 11 11 85 6 2 10 133 11 11 11 11 11 85 11 11 22 23 11 
11 11 11 11 11 11 20 21 11 11 11 137 15 15 15 15 15 15 15 15 92 93 93 93 93 93 93 93 93 93 93 93 93 93 93 93 93 93 93 93 93 93 93 93 93 93 93 93 93 93 93 93 93 93 93 93 93 93 93 93 93 93 93 93 93 93 93 93 93 93 94 11 16 17 84 11 118 3 3 5 1 10 133 11 11 86 11 11 85 11 87 20 21 11 
11 11 11 11 11 86 11 11 11 11 11 137 12 12 12 12 12 12 12 12 92 93 93 93 93 93 93 93 93 93 93 93 93 93 93 93 93 93 93 93 93 93 93 93 93 93 93 93 93 93 93 93 93 93 93 93 93 93 93 93 93 93 93 93 93 93 93 93 93 93 94 22 23 118 3 3 5 1 2 2 2 10 133 11 11 11 11 11 11 11 11 11 11 11 
11 11 11 11 11 11 11 11 87 11 11 137 15 15 15 15 15 15 15 15 92 93 93 93 93 93 93 93 93 93 93 93 93 93 93 93 93 93 93 93 93 93 93 93 93 93 93 93 93 93 93 93 93 93 93 93 93 93 93 93 93 93 93 93 93 93 93 93 93 93 94 20 21 6 0 1 1 2 8 7 7 120 133 11 18 19 11 11 11 11 11 11 87 11 
11 11 11 11 11 11 11 84 11 11 11 137 14 14 14 14 14 14 14 14 92 93 93 93 222 96 96 96 96 96 96 96 96 96 96 96 96 96 96 96 96 96 96 96 96 96 96 96 96 96 96 96 96 96 96 96 96 96 96 96 96 96 96 96 96 96 96 96 96 96 97 11 87 6 0 8 7 7 120 11 11 11 133 11 16 17 11 11 11 85 11 11 11 11 
11 22 23 11 85 11 11 84 11 11 11 137 15 15 15 15 15 15 15 15 92 93 93 93 94 14 13 14 13 14 13 14 13 14 13 14 13 85 15 15 15 15 15 15 15 15 15 15 84 85 18 19 118 3 119 11 22 23 85 18 19 86 11 11 11 18 19 11 87 22 23 85 11 6 2 10 11 18 19 86 11 11 133 11 11 11 87 11 11 11 85 11 11 11 
11 20 21 11 11 11 11 11 11 11 11 137 12 12 12 12 12 12 12 12 92 93 93 93 94 13 14 13 14 13 14 13 14 13 14 13 14 84 12 12 12 12 12 12 12 12 12 12 85 11 16 17 6 0 10 11 20 21 11 16 17 11 18 19 11 16 17 11 84 20 21 11 118 5 1 10 11 16 17 11 11 11 133 11 11 11 87 11 22 23 11 86 11 11 
11 11 11 11 11 11 11 18 19 11 11 137 15 15 15 15 15 15 15 15 92 93 93 93 94 85 11 188 189 11 11 11 85 188 189 11 11 85 15 15 15 15 15 15 15 15 15 15 84 86 84 11 6 1 4 3 3 3 3 119 85 11 16 17 86 11 11 87 118 3 3 3 5 0 8 120 11 85 11 11 11 11 133 11 11 11 11 11 20 21 11 11 11 11 
11 11 11 86 11 11 11 16 17 11 11 137 14 14 14 14 14 14 14 14 92 93 93 93 94 86 11 190 191 11 84 87 11 190 191 87 11 85 13 13 13 13 13 13 13 13 13 13 85 22 23 85 6 2 0 2 2 1 1 10 11 84 11 85 118 3 3 3 5 1 2 2 0 2 10 11 22 23 11 11 11 11 133 11 11 11 11 11 11 11 11 11 85 11 
11 11 86 11 84 11 11 11 11 11 11 137 15 15 15 15 15 15 15 15 92 93 93 93 94 11 11 121 120 11 11 86 11 121 120 11 11 84 15 15 15 15 15 15 15 15 15 15 84 20 21 84 121 7 7 7 7 9 0 4 3 3 3 3 5 0 1 1 1 2 8 7 7 7 120 11 20 21 84 11 11 87 133 11 11 86 11 11 11 11 11 11 11 11 
11 11 11 11 11 85 11 11 11 11 11 137 13 13 13 13 13 13 13 13 92 93 93 93 94 11 11 11 11 11 11 11 11 11 11 11 11 85 14 14 14 14 14 14 14 14 14 14 85 11 11 22 23 11 87 11 11 6 0 1 1 2 1 2 2 0 8 7 7 7 120 22 23 11 11 11 11 11 18 19 11 11 133 11 18 19 11 11 84 11 11 11 11 11 
11 11 11 11 11 85 11 84 11 11 11 137 11 11 11 11 11 11 11 11 95 96 96 96 97 11 84 11 86 11 85 11 11 11 87 84 11 84 15 15 15 15 15 15 11 15 15 15 85 87 11 20 21 85 86 11 11 121 7 7 7 7 7 7 7 7 120 11 11 11 84 20 21 11 11 11 86 11 16 17 11 11 133 11 16 17 11 84 84 11 11 11 11 11 
11 11 18 19 11 11 11 11 87 11 11 136 131 131 131 131 131 131 131 131 135 135 11 131 131 135 131 131 131 131 131 131 131 131 131 131 131 131 131 131 131 131 131 131 131 131 131 131 131 131 131 131 131 131 131 131 131 131 131 131 131 131 131 131 131 131 131 131 131 131 131 131 131 131 131 131 131 131 131 131 131 131 134 11 11 11 11 11 11 86 11 22 23 11 
11 11 16 17 11 84 11 11 11 11 11 11 11 11 11 11 11 11 11 11 89 90 90 90 91 11 11 11 11 11 11 11 11 11 11 11 11 11 11 11 11 18 19 11 11 11 11 11 11 11 11 11 84 11 11 11 11 11 11 11 11 11 11 11 11 11 11 11 11 86 86 11 11 11 11 11 11 11 11 11 11 11 11 11 11 11 11 11 85 11 11 20 21 11 
11 11 11 11 11 84 11 11 86 85 11 11 87 11 11 11 11 11 11 11 92 93 93 93 94 11 18 19 11 87 87 11 11 11 11 11 11 11 11 11 11 16 17 11 11 11 11 11 11 87 11 11 11 11 11 85 11 11 11 11 11 86 11 11 22 23 11 11 11 11 11 11 87 11 11 18 19 11 11 87 87 11 11 11 11 86 86 11 85 11 11 11 11 11 
11 11 11 11 84 11 11 11 11 11 11 11 11 22 23 11 11 85 11 11 92 93 93 93 94 11 16 17 11 11 11 11 85 11 11 22 23 11 11 11 11 86 11 11 11 11 86 11 84 11 18 19 11 86 86 11 11 86 11 18 19 11 11 11 20 21 11 11 11 85 11 11 86 11 11 16 17 11 11 11 11 11 85 11 11 11 11 11 11 11 11 87 11 11 
11 11 87 11 11 18 19 11 86 11 11 11 11 20 21 11 11 11 11 11 92 93 93 93 94 11 11 11 84 11 86 11 11 11 87 20 21 11 11 84 11 11 11 11 85 11 11 11 11 11 16 17 11 11 86 11 84 11 11 16 17 11 11 11 11 11 87 11 11 11 11 11 11 11 11 11 11 11 86 11 11 87 11 11 11 11 87 87 18 19 11 11 11 11 
11 11 11 11 11 16 17 11 86 11 87 84 11 11 11 11 11 11 18 19 92 93 93 93 94 11 87 11 11 11 22 23 11 11 11 11 11 11 11 87 11 11 11 11 18 19 11 11 11 11 11 11 11 11 11 11 11 84 11 11 11 87 11 86 11 11 86 11 22 23 11 87 84 84 11 84 11 11 11 11 11 11 11 11 84 84 11 11 16 17 11 11 84 11 
11 11 85 11 11 11 11 11 11 22 23 84 11 11 85 11 86 11 16 17 92 93 93 93 94 11 84 11 86 11 20 21 11 11 85 11 84 11 11 11 11 11 86 11 16 17 11 11 86 11 84 11 11 87 22 23 11 11 11 84 11 11 87 11 85 11 11 11 20 21 11 87 11 11 11 11 11 11 86 11 11 18 19 11 11 11 11 84 11 11 11 11 11 11 
11 11 11 11 11 86 11 11 11 20 21 11 11 11 11 11 11 11 11 11 92 93 93 93 94 11 11 11 11 11 11 11 11 11 11 11 11 11 11 11 11 11 11 11 11 11 11 11 11 85 11 11 87 11 20 21 11 11 11 11 11 11 11 11 11 11 11 11 11 11 11 11 11 11 85 11 87 11 86 11 11 16 17 11 11 11 11 11 11 11 11 11 11 11 

0 0 0 0 0 0 0 0 0 0 0 0 0 0 0 0 0 0 0 0 0 0 0 0 0 0 0 0 0 0 0 0 0 0 0 0 0 0 0 0 0 0 0 0 0 0 0 0 0 0 0 0 0 0 0 0 0 0 0 0 0 0 0 0 0 0 0 0 0 0 0 0 0 0 0 0 0 0 0 0 0 0 0 0 0 0 0 0 0 0 0 0 0 0 
0 0 0 0 0 0 0 0 0 0 0 0 0 0 0 0 0 0 0 0 0 0 0 0 0 0 0 0 0 0 0 0 0 0 0 0 0 0 0 0 0 0 0 0 0 0 0 0 0 0 0 0 0 0 0 0 0 0 0 0 0 0 0 0 0 0 0 0 0 0 0 0 0 0 0 0 0 0 0 0 0 0 0 0 0 0 0 0 0 0 0 0 0 0 
0 0 0 0 0 0 0 0 0 0 0 0 0 0 0 0 0 0 0 0 0 0 0 0 0 0 0 0 0 0 0 0 0 0 0 0 0 0 0 0 0 0 0 0 0 0 0 0 0 0 0 0 0 0 0 0 0 0 0 0 0 0 0 0 0 0 0 0 0 0 0 0 0 0 0 0 0 0 0 0 0 0 0 0 0 0 0 0 0 0 0 0 0 0 
0 0 0 0 0 0 0 0 0 0 0 0 0 0 0 0 0 0 0 0 0 0 0 0 0 0 0 0 0 0 0 0 0 0 0 0 0 0 0 0 0 0 0 0 0 0 0 0 0 0 0 0 0 0 0 0 0 0 0 0 0 0 0 0 0 0 0 0 0 0 0 0 0 0 0 0 0 0 0 0 0 0 0 0 0 0 0 0 0 0 0 0 0 0 
0 0 0 0 0 0 0 0 0 0 0 0 0 0 0 0 0 0 0 0 0 0 0 0 0 0 0 0 0 0 0 0 0 0 0 0 0 0 0 0 0 0 0 0 0 0 0 0 0 0 0 0 0 0 0 0 0 0 0 0 0 0 0 0 0 0 0 0 0 0 0 0 0 0 0 0 0 0 0 0 0 0 0 0 0 0 0 0 0 0 0 0 0 0 
0 0 0 0 0 0 0 0 0 0 0 0 0 0 0 0 0 0 0 0 0 0 0 0 0 0 0 0 0 0 0 0 0 0 0 0 0 0 0 0 0 0 0 0 0 0 0 0 0 0 0 0 0 0 0 0 0 0 0 0 0 0 0 0 0 0 0 0 0 0 0 0 0 0 0 0 0 0 0 0 0 0 0 0 0 0 0 0 0 0 0 0 0 0 
0 0 0 0 0 0 0 0 0 0 0 0 0 0 0 0 0 0 0 0 0 0 0 0 0 0 0 0 0 0 0 0 0 0 0 0 0 0 0 0 0 0 0 0 0 0 0 0 0 0 0 0 0 0 0 0 0 0 0 0 0 0 0 0 0 0 0 0 0 0 0 0 0 0 0 0 0 0 0 0 0 0 0 0 0 0 0 0 0 0 0 0 0 0 
0 0 0 0 0 0 0 0 0 0 0 0 0 0 0 0 0 0 0 0 0 0 0 0 0 0 0 0 0 0 0 0 0 0 0 0 0 0 0 0 0 0 0 0 0 0 0 0 0 0 0 0 0 0 0 0 0 0 0 0 0 0 0 0 0 0 0 0 0 0 0 0 0 0 0 0 0 0 0 0 0 0 0 0 0 0 0 0 0 0 0 0 0 0 
0 0 0 0 0 0 0 0 0 0 0 0 0 0 0 0 0 0 0 0 0 0 0 0 0 0 0 0 0 0 0 0 0 0 0 0 0 0 0 0 0 0 0 0 0 0 0 0 0 0 0 0 0 0 0 0 0 0 0 0 0 0 0 0 0 0 0 0 0 0 0 0 0 0 0 0 0 0 0 0 0 0 0 0 0 0 0 0 0 0 0 0 0 0 
0 0 0 0 0 0 0 0 0 0 0 0 0 0 0 0 0 0 0 0 0 0 0 0 0 0 0 0 0 0 0 0 0 0 0 0 0 0 0 0 0 0 0 0 1 0 0 0 0 0 0 0 0 0 0 0 0 0 0 0 0 0 0 0 0 0 0 0 0 0 0 0 0 0 0 0 0 0 0 0 0 0 0 0 0 0 0 0 0 0 0 0 0 0 
0 0 0 0 0 0 0 0 0 0 0 0 0 0 0 0 0 0 0 0 0 0 0 0 0 5 1 0 0 0 0 0 0 0 0 0 0 0 0 0 0 0 0 0 0 0 0 0 0 0 0 0 0 0 0 0 0 1 0 0 0 0 0 0 0 0 0 0 0 0 0 0 0 0 0 0 0 0 0 0 0 0 0 0 0 0 0 0 0 0 0 0 0 0 
0 0 0 0 0 0 0 0 0 0 0 0 0 0 0 0 0 0 0 0 0 0 0 5 0 0 0 0 0 0 0 0 0 0 0 0 0 0 0 0 0 0 0 0 0 0 0 0 0 0 0 0 0 0 0 0 0 0 0 0 0 0 0 0 0 0 0 0 0 0 0 0 0 0 0 0 0 0 0 0 0 0 0 0 0 0 0 0 0 0 0 0 0 0 
0 0 0 0 0 0 0 0 0 0 0 0 0 0 0 0 99 0 0 0 1 0 0 0 0 0 0 0 2 5 0 0 0 0 0 0 0 0 0 0 0 0 0 0 0 0 0 0 0 0 0 0 0 0 0 0 0 0 0 0 0 0 0 0 0 0 0 0 0 0 0 0 0 0 0 0 0 0 0 0 0 0 0 0 0 0 0 0 0 0 0 0 0 0 
0 0 0 0 0 0 0 0 0 0 0 0 0 0 0 0 0 0 0 0 0 0 0 0 0 0 0 0 0 0 0 0 0 0 0 0 0 0 0 0 0 0 0 0 0 0 0 0 0 0 0 0 0 0 0 0 0 0 0 0 0 0 0 0 0 0 0 0 0 0 0 0 0 0 0 0 0 0 0 0 0 0 0 0 0 0 0 0 0 0 0 0 0 0 
0 0 0 0 0 0 0 0 0 0 0 0 1 0 0 0 0 0 0 0 0 0 0 0 0 0 0 0 0 0 0 0 0 0 0 0 0 0 0 0 5 0 0 0 0 0 0 0 0 0 0 0 0 0 0 0 0 0 0 0 0 0 0 0 0 0 0 0 0 0 0 0 0 0 0 0 0 5 0 0 0 0 0 0 0 0 0 0 0 0 0 0 0 0 
0 0 0 0 0 0 0 0 0 0 0 0 0 0 0 0 0 0 0 0 0 0 0 0 0 0 0 0 0 0 0 0 0 0 0 0 0 0 0 0 0 0 0 0 0 0 0 0 0 0 0 0 0 0 0 0 0 0 0 0 0 0 0 0 0 0 0 0 0 0 0 0 0 0 0 0 0 0 0 0 0 0 0 0 0 0 0 0 0 0 0 0 0 0 
0 0 0 0 0 0 0 0 0 0 0 0 0 0 0 5 0 0 0 0 0 0 0 0 0 0 0 0 0 0 0 0 0 0 0 0 0 0 0 0 0 0 0 0 0 0 0 0 0 0 5 0 0 0 0 0 0 0 0 0 0 0 0 0 0 0 0 0 0 0 0 0 0 0 0 0 0 0 0 0 0 0 0 0 0 0 0 0 0 0 0 0 0 0 
0 0 0 0 0 0 0 0 0 0 0 0 0 0 0 0 0 0 0 0 0 0 0 0 0 0 0 0 0 5 0 0 0 0 0 0 0 0 0 0 0 0 0 0 0 0 0 0 0 0 0 0 0 0 0 0 0 0 0 0 0 0 0 0 0 0 0 0 0 0 0 0 0 0 0 0 0 0 0 0 0 0 0 0 0 0 0 0 0 0 0 0 0 0 
0 0 0 0 0 0 0 0 0 0 0 0 0 0 0 0 0 0 0 0 0 0 0 0 0 0 0 0 0 0 0 0 0 0 0 0 0 0 0 0 0 0 0 0 0 0 0 0 0 0 0 0 0 0 0 0 0 0 0 0 0 0 0 0 0 0 0 0 0 0 0 0 0 0 0 0 0 0 0 0 0 0 0 0 0 0 0 0 0 0 0 0 0 0 
0 0 0 0 0 0 0 0 0 0 0 0 0 0 0 0 0 0 0 0 0 0 0 0 0 0 0 0 0 0 0 0 0 0 0 0 0 0 0 0 0 0 0 0 0 0 0 0 0 0 0 0 0 0 0 0 0 0 0 0 0 0 0 0 0 0 0 0 0 0 0 0 0 0 0 0 0 0 0 0 0 0 0 0 0 0 0 0 0 0 0 0 0 0 
0 0 0 0 0 0 0 0 0 0 0 0 0 0 0 0 0 0 0 0 0 0 0 0 0 0 0 0 0 0 0 0 0 0 0 0 0 0 0 0 0 0 0 0 0 0 0 0 0 0 0 0 0 0 0 0 0 0 0 0 0 0 0 0 0 0 0 0 0 0 0 0 0 0 0 0 0 0 0 0 0 0 0 0 0 0 0 0 0 0 0 0 0 0 
0 0 0 0 0 0 0 0 0 0 0 0 0 0 0 0 0 0 0 0 0 0 0 0 1 0 0 0 1 0 0 0 0 0 0 0 0 0 0 0 0 0 0 0 0 0 0 0 0 0 0 0 0 0 0 0 0 0 0 0 0 0 0 0 0 0 0 0 0 0 0 0 0 0 0 0 0 0 0 0 0 0 0 0 0 0 0 0 0 0 0 0 0 0 
0 0 0 0 0 0 0 0 0 0 0 0 0 0 0 0 0 0 0 0 0 0 0 0 0 0 0 0 0 0 0 0 0 0 0 0 0 0 0 0 0 0 0 0 0 0 0 0 0 0 0 0 0 0 0 1 0 0 0 0 0 0 0 0 0 0 0 0 0 0 1 0 0 5 0 0 0 0 0 1 0 0 0 0 0 0 0 0 0 0 0 0 0 0 
0 0 0 0 0 0 0 0 0 0 0 0 0 0 0 0 0 0 0 0 0 0 0 0 0 0 0 0 0 0 0 0 0 0 0 0 0 0 0 0 0 0 0 0 0 0 0 0 0 0 0 0 0 0 0 0 0 0 0 0 0 0 0 0 0 0 0 0 0 0 0 0 0 0 0 0 0 0 0 0 0 0 0 0 0 0 0 0 0 0 0 0 0 0 
0 0 0 0 0 0 0 0 0 0 0 0 0 0 0 0 0 0 0 0 0 0 0 5 0 0 0 0 0 0 0 0 0 0 0 5 0 0 0 0 1 0 0 0 0 0 0 0 0 0 0 0 0 0 0 0 0 0 0 0 0 0 0 0 0 0 0 0 0 0 0 0 0 0 0 0 0 5 0 0 0 0 0 0 0 0 0 0 0 0 0 0 0 0 
0 0 0 0 0 0 0 0 0 0 0 0 0 0 0 0 0 0 0 0 0 0 0 0 0 0 0 0 0 0 0 0 0 0 0 0 0 0 0 0 0 0 0 0 0 0 0 0 0 0 0 0 0 0 0 0 0 0 0 0 0 0 0 0 0 0 0 0 0 0 0 0 0 0 0 0 0 0 0 0 0 0 0 0 0 0 0 0 0 0 0 0 0 0 
0 0 0 0 0 0 0 0 0 0 0 0 0 0 0 0 0 0 0 0 0 0 0 0 0 0 0 0 0 0 0 0 0 0 0 0 0 0 0 0 0 0 0 0 0 0 0 0 0 0 0 0 0 0 0 0 0 0 0 0 0 0 0 0 0 0 0 0 0 0 0 0 0 0 0 0 0 0 0 0 0 0 0 0 0 0 0 0 0 0 0 0 0 0 
0 0 0 0 0 0 0 0 0 0 0 0 0 0 0 0 0 0 0 0 0 0 0 0 0 0 0 0 0 0 0 0 0 0 0 0 0 0 0 0 0 0 0 0 0 0 0 0 0 0 0 0 0 0 0 0 0 0 0 0 0 0 0 0 0 0 0 0 0 0 0 0 0 0 0 0 0 0 0 0 0 0 0 0 0 0 0 0 0 0 0 0 0 0 
0 0 0 0 0 0 0 0 0 0 0 0 0 0 0 0 0 0 0 0 0 0 0 0 0 0 0 0 0 0 0 0 0 0 0 0 0 0 0 0 0 0 0 0 0 0 0 0 0 0 0 0 0 0 0 0 0 0 0 0 0 0 0 0 0 0 0 0 0 0 0 0 0 0 0 0 0 0 0 5 1 0 0 0 0 0 0 0 0 0 0 0 0 0 
0 0 0 0 0 0 0 0 0 0 0 0 0 0 0 0 0 0 0 0 0 0 0 0 0 0 0 0 0 0 0 0 0 0 0 0 0 0 0 0 0 0 0 0 0 0 5 0 0 0 0 0 0 0 0 0 0 0 0 0 0 0 0 0 0 0 0 0 0 0 0 0 0 0 5 0 0 0 0 0 0 0 0 0 0 0 0 0 0 0 0 0 0 0 
0 0 0 0 0 0 0 0 0 0 0 0 0 0 0 0 0 0 0 0 0 0 0 0 0 0 0 0 0 0 0 0 0 0 0 0 0 0 0 0 0 0 0 0 0 0 0 0 0 0 0 0 0 0 0 0 0 0 0 0 0 0 0 0 0 99 0 0 0 0 0 0 0 0 0 0 0 0 0 0 0 0 0 0 0 0 0 0 0 0 0 0 0 0 
0 0 0 0 0 0 0 0 0 0 0 0 0 0 0 0 0 0 0 0 0 0 0 0 0 0 0 0 0 0 0 0 0 0 0 0 0 0 0 0 0 0 0 0 0 0 0 0 0 0 0 0 0 0 0 0 0 0 0 0 0 0 0 0 0 0 0 0 0 0 0 0 0 0 0 0 0 0 0 0 0 0 0 0 0 0 0 0 0 0 0 0 0 0 
0 0 0 0 0 0 0 0 0 0 0 0 0 0 1 0 0 0 0 0 0 0 0 0 0 0 0 0 0 0 0 0 0 0 0 0 0 0 0 0 0 0 0 0 0 0 0 0 0 0 0 0 0 0 0 0 0 0 0 0 0 0 0 0 0 0 0 0 0 0 1 0 0 0 0 0 0 0 0 0 0 0 0 0 0 0 0 0 0 0 0 0 0 0 
0 0 0 0 0 0 0 0 0 0 0 0 0 0 0 0 0 0 0 0 0 0 0 0 0 0 0 0 0 0 0 0 0 0 0 0 0 0 0 0 0 0 0 0 0 0 0 0 0 0 0 0 0 0 0 0 0 0 0 0 0 0 0 0 0 0 0 0 0 0 0 0 0 0 0 0 0 0 0 0 0 0 0 0 0 0 0 0 0 0 0 0 0 0 
0 0 0 0 0 0 0 0 0 0 0 0 0 0 0 0 0 0 0 0 0 0 0 0 0 0 0 0 0 0 0 0 0 0 0 0 0 0 0 0 0 0 0 0 0 0 0 0 0 0 0 0 0 0 0 0 0 0 0 0 0 0 0 0 0 0 0 0 0 0 0 0 0 0 5 0 0 0 0 0 0 0 0 0 0 0 0 0 0 0 0 0 0 0 
0 0 0 0 0 0 0 0 0 0 0 0 0 0 0 0 0 0 0 0 0 0 0 0 0 0 0 0 0 0 0 0 0 0 0 0 0 0 0 0 0 0 0 0 0 0 0 0 0 0 0 0 0 5 0 0 0 0 0 0 0 0 0 0 0 0 0 0 0 0 0 0 0 0 0 0 0 0 0 0 0 0 0 0 0 0 0 0 0 0 0 0 0 0 
0 0 0 0 0 0 0 0 0 0 0 0 0 0 0 0 0 0 0 0 0 0 0 0 0 0 0 0 0 0 0 0 0 0 0 0 0 0 0 0 0 0 0 0 0 0 0 0 0 0 0 0 0 0 0 0 0 0 0 0 0 0 0 0 0 0 0 0 0 2 0 0 0 0 0 0 0 0 0 0 0 0 0 0 0 0 0 0 0 0 0 0 0 0 
0 0 0 0 0 0 0 0 0 0 0 0 1 0 0 0 0 0 0 0 0 0 0 0 0 0 0 0 0 0 0 0 0 0 0 0 0 0 0 0 0 0 0 0 0 0 0 0 0 0 0 0 0 0 0 0 0 0 0 0 0 0 0 0 0 0 0 0 0 0 0 5 0 0 0 1 0 0 0 0 0 0 0 0 0 0 0 0 0 0 0 0 0 0 
0 0 0 0 0 0 0 0 0 0 0 0 0 0 0 0 0 0 0 0 0 0 0 0 0 0 0 0 0 0 0 0 0 0 0 0 0 0 0 0 0 0 0 0 0 0 0 0 0 0 0 0 0 0 0 0 0 0 0 0 0 0 0 5 0 0 0 0 0 0 0 0 0 0 0 0 0 0 0 5 0 0 0 0 0 0 0 0 0 0 0 0 0 0 
0 0 0 0 0 0 0 0 0 0 0 0 0 0 0 5 0 0 0 0 0 0 0 0 0 0 0 0 0 0 0 0 0 0 0 0 0 0 0 0 0 0 0 0 0 0 0 0 0 0 0 0 0 0 0 0 0 0 0 0 0 0 0 0 0 0 0 0 0 0 0 0 0 0 0 0 0 0 0 0 0 0 0 0 0 0 0 0 0 0 0 0 0 0 
0 0 0 0 0 0 0 0 0 0 0 0 0 0 0 0 0 0 0 0 0 0 0 0 0 0 0 0 0 0 0 0 0 0 0 0 0 0 0 0 0 0 0 0 0 0 0 0 0 5 0 0 0 0 0 0 0 0 0 0 0 0 0 0 0 0 0 0 0 0 0 0 0 0 0 0 0 0 0 0 0 0 0 0 0 0 0 0 0 0 0 0 0 0 
0 0 0 0 0 0 0 0 0 0 0 0 0 0 0 0 0 0 0 0 0 0 0 0 0 0 0 0 0 0 0 0 0 5 0 0 0 0 0 0 0 0 0 0 0 0 0 0 0 0 0 0 0 0 0 0 0 0 0 0 0 0 0 0 0 0 0 0 0 0 0 0 0 5 0 0 0 0 0 0 0 0 0 0 0 0 0 0 0 0 0 0 0 0 
0 0 0 0 0 0 0 0 0 0 0 0 0 0 0 0 0 0 0 0 0 0 0 0 0 0 0 0 0 0 0 0 0 0 0 0 0 0 0 0 0 0 0 0 0 0 0 0 0 0 0 0 0 0 0 0 0 0 0 0 0 0 0 0 0 0 0 0 0 0 0 0 0 0 0 0 0 0 0 0 0 0 0 0 0 0 0 0 0 0 0 0 0 0 
0 0 0 0 0 0 0 0 0 0 0 0 0 0 0 0 0 0 0 5 0 0 0 0 0 0 0 0 0 0 0 0 0 0 0 0 0 0 0 0 0 0 0 0 0 0 0 0 0 0 0 0 0 0 0 0 0 0 0 0 0 0 0 0 0 0 0 0 0 0 0 0 0 0 0 0 0 0 0 0 0 0 0 0 0 0 0 0 0 0 0 0 0 0 
0 0 0 0 0 0 0 0 0 0 0 0 0 0 0 0 0 0 0 0 0 0 0 0 1 0 0 0 0 0 0 0 0 0 0 0 0 0 0 0 0 0 0 0 0 99 0 0 0 0 0 0 0 0 0 0 0 0 0 0 0 0 0 0 0 0 0 0 0 0 0 0 0 0 0 0 0 0 0 0 0 0 0 0 0 0 0 0 0 0 0 0 0 0 
0 0 0 0 0 0 0 0 0 0 0 0 0 0 0 0 0 0 0 0 0 0 0 0 0 0 0 0 0 0 0 0 0 0 0 0 0 0 0 0 0 0 0 0 0 0 0 0 0 0 0 0 0 0 0 0 0 0 0 0 0 0 0 0 0 0 0 0 0 0 0 0 0 0 0 0 0 0 0 0 0 0 0 0 0 0 0 0 0 0 0 0 0 0 
0 0 0 0 0 0 0 0 0 0 0 0 0 0 0 0 0 0 0 0 0 0 0 0 0 0 0 0 0 0 0 0 0 0 0 0 0 0 0 0 0 0 0 0 0 0 0 0 0 0 0 0 0 0 0 0 0 0 0 0 0 0 0 0 0 0 0 0 0 0 0 0 0 0 0 0 0 0 0 0 0 0 0 0 0 0 0 0 0 0 0 0 0 0 
0 0 0 0 0 0 0 0 0 0 0 0 0 0 0 0 0 0 0 0 0 0 1 0 0 0 0 0 0 0 0 0 0 0 0 0 0 0 0 0 0 0 0 0 0 0 0 0 0 0 0 0 0 0 0 0 0 0 0 0 0 0 0 0 0 0 0 0 0 0 0 0 0 0 0 0 0 0 0 0 0 0 0 0 0 0 0 0 0 0 0 0 0 0 
0 0 0 0 0 0 0 0 0 0 0 0 0 0 0 0 0 0 0 0 0 0 0 0 0 0 0 0 0 0 0 0 0 0 0 0 0 0 0 0 0 0 0 0 0 0 0 0 0 0 0 0 0 0 0 0 0 0 0 0 0 0 0 0 0 0 0 0 5 0 0 0 0 0 0 0 0 0 0 0 0 0 0 0 0 0 0 0 0 0 0 0 0 0 
0 0 0 0 0 0 0 0 0 0 0 0 0 0 0 0 0 0 0 0 0 0 0 0 0 0 0 0 0 0 0 0 0 0 0 0 0 0 0 0 0 0 0 0 0 0 0 0 0 0 0 0 0 0 0 0 1 0 0 0 0 0 0 0 0 0 0 0 0 0 0 0 0 0 0 0 0 0 0 0 0 0 0 0 0 0 0 0 0 0 0 0 0 0 
0 0 0 0 0 0 0 0 0 0 0 0 0 0 0 0 0 0 0 0 0 0 5 0 0 0 0 0 0 0 0 0 0 0 0 0 0 0 0 0 0 0 0 0 0 0 0 0 0 0 0 1 0 0 0 0 0 0 0 0 0 0 0 0 0 0 0 0 0 0 0 0 0 0 0 0 0 0 0 0 0 0 0 0 0 0 0 0 0 0 0 0 0 0 
0 0 0 0 0 0 0 0 0 0 0 0 0 0 0 0 0 0 0 0 0 0 0 0 0 0 0 0 0 0 0 0 0 0 0 0 0 0 0 0 0 0 0 0 0 0 0 0 0 0 0 0 0 0 0 0 0 5 0 0 0 0 0 0 0 0 0 0 0 0 0 0 0 0 0 0 0 0 0 0 0 0 0 0 0 0 0 0 0 0 0 0 0 0 
0 0 0 0 0 0 0 0 0 0 0 0 0 0 0 0 0 0 0 0 0 0 0 0 0 0 0 0 0 0 0 0 0 0 0 0 0 0 0 0 0 0 0 0 0 0 0 0 0 0 0 0 0 0 0 0 0 0 0 0 0 0 0 0 0 0 0 0 0 0 0 0 0 0 0 1 0 0 0 0 0 0 0 0 0 0 0 0 0 0 0 0 0 0 
0 0 0 0 0 0 0 0 0 0 0 0 0 0 0 0 0 0 0 0 0 0 0 0 0 0 0 0 0 0 0 0 0 5 0 0 0 0 0 0 0 0 0 0 0 0 0 0 0 5 0 0 0 0 0 0 0 0 0 0 0 0 0 0 0 0 0 0 0 0 0 0 0 0 0 0 0 0 0 0 0 0 0 0 0 0 0 0 0 0 0 0 0 0 
0 0 0 0 0 0 0 0 0 0 0 0 0 0 0 0 0 0 0 0 0 0 0 0 0 0 0 0 0 0 0 0 0 0 0 0 0 0 0 0 0 0 0 0 0 0 0 0 0 0 0 0 0 0 0 0 0 0 0 0 0 0 0 0 0 0 0 0 0 0 0 0 0 0 0 0 0 0 0 0 0 0 0 0 0 0 0 0 0 0 0 0 0 0 
0 0 0 0 0 0 0 0 0 0 0 0 0 0 0 0 0 0 0 0 0 0 0 0 0 0 0 0 0 0 0 0 0 0 0 0 0 0 0 0 0 0 0 0 0 0 0 0 0 0 0 0 0 0 0 0 0 0 0 0 0 0 0 0 0 0 0 0 0 0 0 0 0 0 0 0 0 0 0 0 0 0 0 0 0 0 0 0 0 0 0 0 0 0 
0 0 0 0 0 0 0 0 0 0 0 0 0 0 0 0 0 0 0 0 0 0 0 0 0 0 0 0 0 0 0 0 0 0 0 0 0 0 0 0 0 0 0 0 0 0 0 0 0 0 0 0 0 0 0 0 0 0 0 0 0 0 0 0 0 0 0 0 0 0 0 0 0 0 0 0 0 0 5 0 0 0 0 0 0 0 0 0 0 0 0 0 0 0 
0 0 0 0 0 0 0 0 0 0 0 0 0 0 0 0 0 0 0 0 0 0 0 0 0 0 0 0 0 0 0 0 0 0 0 0 0 0 0 0 0 0 0 0 0 0 0 0 0 0 0 0 0 0 0 0 0 0 0 0 0 0 0 0 0 0 0 0 0 0 0 0 0 0 0 0 0 0 0 0 0 0 0 0 0 0 0 0 0 0 0 0 0 0 
0 0 0 0 0 0 0 0 0 0 0 0 1 0 0 0 0 0 0 0 0 0 0 0 0 0 0 0 0 0 0 0 0 0 0 0 0 0 0 0 0 0 0 0 0 0 0 0 0 0 0 99 0 0 0 0 5 0 0 0 0 0 0 0 0 0 0 0 0 0 0 0 0 0 0 0 0 0 0 0 0 0 0 0 0 0 0 0 0 0 0 0 0 0 
0 0 0 0 0 0 0 0 0 0 0 0 0 0 0 0 0 0 0 0 0 0 0 0 0 0 0 0 0 0 0 0 0 0 0 0 0 0 0 0 0 0 0 0 0 0 0 0 0 0 0 0 0 0 0 0 0 0 0 0 0 0 0 0 0 0 0 0 0 0 0 0 0 0 0 0 0 0 0 0 0 0 0 0 0 0 0 0 0 0 0 0 0 0 
0 0 0 0 0 0 0 0 0 0 0 0 0 0 0 0 0 5 0 0 0 0 0 0 0 0 0 0 0 0 0 0 0 0 0 0 0 0 0 0 0 0 0 0 0 0 0 0 0 0 0 0 2 0 0 0 0 0 0 0 0 0 0 0 0 0 0 0 0 0 0 0 0 0 0 0 0 0 0 0 0 0 0 0 0 0 0 0 0 0 0 0 0 0 
0 0 0 0 0 0 0 0 0 0 0 0 0 1 0 0 0 0 0 0 0 0 0 5 0 0 0 0 0 0 5 0 0 0 0 0 0 0 0 0 0 0 0 0 0 0 0 0 0 0 0 0 0 0 0 0 0 0 0 0 0 0 0 0 0 0 0 0 0 0 0 0 0 0 0 0 0 0 0 0 0 0 0 0 0 0 0 0 0 0 0 0 0 0 
0 0 0 0 0 0 0 0 0 0 0 0 0 0 0 0 0 0 0 0 0 0 0 0 0 0 0 0 0 0 0 0 0 0 0 0 0 0 0 0 0 0 0 0 0 0 0 0 0 0 0 0 0 0 0 0 0 0 0 0 0 0 0 0 0 0 0 0 0 0 0 0 0 0 0 0 0 0 0 0 0 0 0 0 0 0 0 0 0 0 0 0 0 0 
0 0 0 0 0 0 0 0 0 0 0 0 0 0 0 2 0 0 5 0 0 0 0 0 0 0 0 0 0 0 0 0 0 0 0 0 0 0 0 0 0 0 0 0 0 0 0 0 0 0 0 0 0 0 0 0 0 0 0 0 0 0 0 0 0 0 0 0 0 0 0 0 0 0 0 0 0 0 0 0 0 0 0 0 0 0 0 0 0 0 0 0 0 0 
0 0 0 0 0 0 0 0 0 0 0 0 0 0 0 0 0 0 0 0 0 0 0 0 0 0 0 0 0 0 0 0 0 0 0 0 0 0 0 0 0 0 0 0 0 0 0 0 0 0 0 0 0 0 0 0 0 0 0 0 0 0 0 0 0 0 0 0 0 0 0 0 0 0 0 5 0 0 0 0 0 0 0 0 0 0 0 0 0 0 0 0 0 0 
0 0 0 0 0 0 0 0 0 0 0 0 0 0 0 0 0 0 0 1 0 0 0 0 0 0 0 0 0 0 0 0 0 0 0 0 0 0 0 0 0 0 0 0 0 0 0 0 0 0 0 0 0 0 0 0 0 0 0 0 0 0 0 0 0 0 0 0 0 0 0 0 0 0 0 1 0 0 0 0 0 0 0 0 0 0 0 0 0 0 0 0 0 0 
0 0 0 0 0 0 0 0 0 0 0 0 0 0 0 0 0 0 0 0 0 0 0 0 0 0 0 0 0 0 0 0 0 0 0 0 0 0 0 0 0 0 0 0 0 0 0 0 0 0 0 0 0 0 0 0 0 0 0 0 0 0 0 0 0 0 0 0 0 0 0 0 0 0 0 0 0 0 0 0 0 0 0 0 0 0 0 0 0 0 0 0 0 0 
0 0 0 0 0 0 0 0 0 0 0 0 0 0 0 0 0 0 0 0 0 0 0 0 0 0 0 0 0 0 0 0 0 0 0 5 0 0 0 0 0 0 0 0 0 0 0 0 0 0 0 0 0 0 0 0 0 0 0 0 0 0 0 0 0 0 0 0 0 0 0 0 0 0 0 0 0 0 0 0 0 0 0 0 0 0 0 0 0 0 0 0 0 0 
0 0 0 0 0 0 0 0 0 0 0 0 0 0 0 0 0 0 0 0 0 0 0 0 0 0 0 0 0 0 0 0 0 0 0 0 0 0 0 0 0 0 0 0 0 0 0 0 0 0 0 0 0 0 0 0 0 0 0 0 0 0 0 0 0 0 0 0 0 0 0 0 0 0 0 0 0 0 0 0 0 5 0 0 0 0 0 0 0 0 0 0 0 0 
0 0 0 0 0 0 0 0 0 0 0 0 0 0 0 0 0 0 0 0 0 0 0 0 0 0 0 0 0 0 0 0 0 0 0 0 0 0 0 0 0 0 0 0 0 0 0 0 0 0 0 0 0 0 0 0 0 0 0 0 0 0 0 0 0 0 0 0 0 0 0 0 0 0 0 0 0 0 0 0 0 0 0 0 0 0 0 0 0 0 0 0 0 0 
0 0 0 0 0 0 0 0 0 0 0 0 0 0 0 0 0 0 0 0 0 0 0 0 0 0 0 0 0 0 0 0 0 0 0 0 0 0 0 0 0 0 0 0 0 0 0 0 0 0 0 0 0 0 0 5 0 0 0 0 0 0 0 0 0 0 0 0 0 0 0 0 0 0 0 0 5 0 0 0 0 0 0 0 0 0 0 0 0 0 0 0 0 0 
0 0 0 0 0 0 0 0 0 0 0 0 0 0 0 0 0 0 0 0 0 0 0 0 0 0 0 0 0 0 0 0 0 0 0 0 0 0 0 0 0 0 0 0 0 0 0 0 0 0 0 0 0 0 0 0 0 0 0 0 0 0 0 0 0 0 0 0 0 0 0 0 0 0 0 0 0 0 0 0 0 0 0 0 0 0 0 0 0 0 0 0 0 0 
0 0 0 0 0 0 0 0 0 0 0 0 0 0 0 0 0 0 0 0 0 0 0 0 0 0 0 0 0 0 0 0 0 0 0 0 0 0 0 0 0 0 0 0 0 0 0 0 0 0 0 0 0 0 0 0 0 0 0 0 0 0 0 0 1 0 0 0 0 0 0 0 0 0 0 0 0 0 0 0 0 0 0 0 0 0 0 0 0 0 0 0 0 0 
0 0 0 0 0 0 0 0 0 0 0 0 0 0 0 0 0 0 0 0 0 0 0 0 0 0 0 0 0 0 0 0 0 0 0 0 5 0 0 0 0 0 0 0 0 0 0 0 0 0 0 0 0 0 0 0 0 0 0 0 0 0 0 0 0 0 0 0 0 0 0 0 0 0 0 0 0 0 0 0 5 0 0 0 0 0 0 0 0 0 0 0 0 0 
0 0 0 0 0 0 0 0 0 0 0 0 0 0 0 0 0 0 0 0 0 0 0 0 0 0 0 0 0 0 0 0 1 0 0 0 0 0 0 0 0 0 0 0 0 0 0 0 0 0 0 0 0 0 0 0 0 0 0 0 0 0 1 0 0 0 0 0 0 0 0 0 0 0 0 0 0 0 0 0 0 0 0 0 0 0 0 0 0 0 0 0 0 0 
0 0 0 0 0 0 0 0 0 0 0 0 0 0 0 0 0 0 0 0 0 0 0 0 0 0 0 0 0 0 0 0 0 0 0 0 0 0 0 0 0 0 0 0 0 0 0 0 0 0 0 0 0 0 0 0 0 0 0 0 0 0 0 0 0 0 0 0 0 0 0 0 0 0 5 0 0 0 0 0 0 0 0 0 0 0 0 0 0 0 0 0 0 0 
0 0 0 0 0 0 0 0 0 0 0 0 0 0 0 0 0 0 0 0 0 0 0 0 0 0 5 0 0 0 0 0 0 0 0 0 0 0 0 0 0 0 0 0 0 0 0 0 0 0 0 0 0 0 0 0 0 0 0 0 5 0 0 0 0 0 0 0 0 0 0 0 0 0 0 0 0 0 0 0 0 5 0 0 0 0 0 0 0 0 0 0 0 0 
0 0 0 0 0 0 0 0 0 0 0 0 0 0 0 0 0 0 0 0 0 0 0 0 0 0 0 0 0 0 0 0 0 0 0 0 0 0 0 0 0 0 0 0 1 0 0 0 0 0 0 0 0 0 0 0 0 0 0 0 0 0 0 0 0 0 0 0 0 0 0 0 0 99 0 0 0 1 0 0 0 2 0 0 0 0 0 0 0 0 0 0 0 0 
0 0 0 0 0 0 0 0 0 0 0 0 0 0 0 0 0 0 0 0 0 0 6 0 0 0 0 0 0 0 0 0 0 0 0 0 0 0 0 0 0 0 0 0 0 0 0 0 0 0 0 0 0 0 0 0 0 0 0 0 0 0 0 0 0 0 0 0 0 0 0 0 0 0 0 0 0 0 0 0 0 0 0 0 0 0 0 0 0 0 0 0 0 0 
0 0 0 0 0 0 0 0 0 0 0 0 0 0 0 0 0 0 0 0 0 0 0 0 0 0 0 0 0 0 0 0 0 0 0 0 0 0 0 0 0 0 0 0 0 0 0 0 0 0 0 0 0 0 0 0 0 0 0 0 0 0 0 0 0 0 0 0 0 0 0 0 0 0 0 0 0 0 0 0 0 0 0 0 0 0 0 0 0 0 0 0 0 0 
0 0 0 0 0 0 0 0 0 0 0 0 0 0 0 0 0 0 0 0 0 0 0 0 0 0 0 0 0 0 0 0 0 0 0 0 0 0 0 0 0 0 0 0 0 0 0 0 0 0 0 0 0 0 0 0 0 0 0 0 0 0 0 0 0 0 0 0 0 0 0 0 0 0 0 0 0 0 0 0 0 0 0 0 0 0 0 0 0 0 0 0 0 0 
0 0 0 0 0 0 0 0 0 0 0 0 0 0 0 0 0 0 0 0 0 0 0 0 0 0 0 0 0 0 0 0 0 0 0 0 0 0 0 0 0 0 0 0 0 0 0 0 0 0 0 0 0 0 0 0 0 0 0 0 0 0 0 0 0 0 0 0 0 0 0 0 0 0 0 0 0 0 0 0 0 0 0 0 0 0 0 0 0 0 0 0 0 0 
0 0 0 0 0 0 0 0 0 0 0 0 0 0 0 0 0 0 0 0 0 0 0 0 0 0 0 0 0 0 0 0 0 0 0 0 0 0 0 0 0 0 0 0 0 0 0 0 0 0 0 0 0 0 0 0 0 0 0 0 0 0 0 0 0 0 0 0 0 0 0 0 0 0 0 0 0 0 0 0 0 0 0 0 0 0 0 0 0 0 0 0 0 0 
0 0 0 0 0 0 0 0 0 0 0 0 0 0 0 0 0 0 0 0 0 0 0 0 0 0 0 0 0 0 0 0 0 0 0 0 0 0 0 0 0 0 0 0 0 0 0 0 0 0 0 0 0 0 0 0 0 0 0 0 0 0 0 0 0 0 0 0 0 0 0 0 0 0 0 0 0 0 0 0 0 0 0 0 0 0 0 0 0 0 0 0 0 0 
0 0 0 0 0 0 0 0 0 0 0 0 0 0 0 0 0 0 0 0 0 0 0 0 0 0 0 0 0 0 0 0 0 0 0 0 0 0 0 0 0 0 0 0 0 0 0 0 0 0 0 0 0 0 0 0 0 0 0 0 0 0 0 0 0 0 0 0 0 0 0 0 0 0 0 0 0 0 0 0 0 0 0 0 0 0 0 0 0 0 0 0 0 0 
0 0 0 0 0 0 0 0 0 0 0 0 0 0 0 0 0 0 0 0 0 0 0 0 0 0 0 0 0 0 0 0 0 0 0 0 0 0 0 0 0 0 0 0 0 0 0 0 0 0 0 0 0 0 0 0 0 0 0 0 0 0 0 0 0 0 0 0 0 0 0 0 0 0 0 0 0 0 0 0 0 0 0 0 0 0 0 0 0 0 0 0 0 0 