6,100,100,15,8,115,10,7
11 84 11 11 11 11 11 86 11 11 11 11 11 92 93 93 93 94 11 11 84 11 11 11 11 86 11 11 85 11 245 246 246 247 234 241 307 241 236 245 246 246 246 246 246 246 246 246 246 246 246 246 246 246 247 234 241 307 241 236 245 246 246 251 444 252 253 246 246 246 320 321 441 322 246 246 247 234 241 307 241 236 245 246 246 246 246 246 246 246 246 247 241 241 245 246 246 246 246 246 
11 11 11 11 87 11 85 11 22 23 11 11 84 92 93 93 93 94 11 18 19 87 11 11 11 11 11 11 85 11 245 246 246 247 234 241 307 241 236 245 246 246 246 246 246 246 246 246 246 246 246 246 246 246 247 234 241 307 241 236 245 246 246 257 258 258 259 246 246 246 326 327 327 328 246 246 247 234 241 307 241 236 245 246 246 251 446 252 253 246 246 247 241 241 245 246 320 321 440 322 
86 11 18 19 11 11 11 11 20 21 11 87 11 92 93 93 93 94 11 16 17 11 11 85 11 11 22 23 84 11 245 246 246 247 386 241 307 241 236 245 246 246 246 246 246 246 246 246 246 246 246 246 246 246 247 234 241 307 241 392 245 246 460 263 264 264 265 246 246 246 286 287 287 288 246 462 247 234 241 307 241 236 245 246 246 257 258 258 259 246 462 247 458 241 245 246 326 327 327 328 
11 11 16 17 11 86 11 11 11 11 11 11 11 92 93 93 93 94 11 11 11 11 11 11 11 11 20 21 85 11 245 246 246 247 387 241 307 241 236 245 246 246 246 246 246 246 246 246 246 246 246 246 246 246 247 234 241 307 241 393 245 246 461 269 317 317 271 246 246 246 292 316 316 294 246 463 247 234 241 307 241 236 245 246 246 286 287 287 288 246 463 247 241 241 245 246 263 264 264 265 
11 11 87 11 11 11 11 85 11 11 18 19 11 92 93 93 93 94 11 11 86 11 11 22 23 11 11 11 84 11 245 246 246 247 234 241 307 241 236 245 246 246 246 246 246 246 246 246 246 246 246 246 246 246 247 234 241 307 241 236 245 246 246 266 267 267 268 246 246 246 289 290 290 291 246 246 247 234 241 307 241 394 245 246 246 292 316 316 294 246 246 247 241 241 245 460 269 317 317 271 
11 11 11 11 84 11 11 11 11 11 16 17 11 92 93 93 93 94 11 85 11 11 84 20 21 11 86 11 84 11 245 246 246 247 234 241 307 241 236 245 246 246 246 246 246 246 246 246 246 246 246 246 246 246 247 388 241 307 241 236 245 246 246 272 273 273 274 246 246 246 295 296 296 297 246 246 247 234 241 307 241 395 245 460 246 289 290 290 291 246 246 247 241 241 245 461 266 267 267 268 
11 85 11 11 11 11 11 87 11 84 11 11 11 95 96 96 96 97 11 11 11 11 11 11 11 11 11 11 84 11 245 246 246 247 234 241 307 241 236 245 246 320 321 321 321 321 321 321 321 321 321 321 322 246 247 389 241 307 241 236 245 246 246 246 246 246 246 246 246 246 246 246 246 246 246 246 247 234 241 307 241 236 245 461 246 295 296 296 297 246 246 247 241 436 245 246 272 273 273 274 
11 11 11 22 23 11 11 86 11 11 11 130 131 131 131 468 131 131 131 131 131 251 252 252 252 252 252 252 252 253 404 405 246 247 234 408 409 408 236 245 246 323 324 324 324 442 324 324 324 324 324 324 325 412 413 234 241 307 241 236 245 246 246 246 246 246 246 246 246 246 246 246 246 246 246 246 247 234 241 307 241 236 245 246 246 246 246 246 246 246 246 247 241 437 245 246 246 246 246 246 
84 11 11 20 21 11 11 11 11 11 11 137 11 118 3 3 3 119 11 11 11 254 445 255 255 255 255 445 255 256 245 246 405 406 407 241 307 241 390 245 246 323 324 329 327 327 327 327 327 327 330 324 325 246 247 414 415 416 241 236 411 412 412 320 440 321 321 322 246 251 252 446 252 253 246 246 247 234 241 307 241 236 245 246 246 251 252 252 444 253 462 247 241 241 245 246 320 321 441 321 
11 11 87 11 11 11 11 18 19 87 11 137 118 5 1 1 2 4 3 119 11 257 258 258 258 258 258 258 258 259 245 459 246 247 234 241 307 241 391 245 246 323 443 325 298 287 287 287 287 299 323 442 325 246 247 234 241 307 415 417 245 246 246 326 327 327 327 328 405 257 258 258 258 259 405 405 406 234 241 307 241 410 404 405 405 257 258 258 258 259 463 247 241 241 245 246 326 327 327 327 
11 11 85 11 11 11 11 16 17 87 11 137 6 1 0 2 2 2 1 10 11 263 264 265 275 264 276 263 264 265 245 246 246 247 234 241 307 241 236 404 405 326 327 328 302 340 293 293 340 303 326 327 328 462 247 234 241 307 241 236 245 246 460 260 275 264 276 260 246 283 298 287 299 283 246 246 247 384 408 409 408 236 245 460 246 260 275 264 276 260 246 247 241 241 245 246 283 298 287 299 
11 11 11 11 86 11 84 11 11 11 11 137 6 1 0 1 0 0 0 10 11 269 317 271 279 346 280 269 317 271 245 462 246 247 234 241 307 241 236 245 460 292 293 294 302 341 293 293 341 303 292 293 294 463 247 234 241 307 241 394 245 246 461 261 279 315 280 261 246 284 302 318 303 284 246 462 247 385 241 307 241 236 245 461 246 261 279 317 280 261 246 247 241 241 245 460 284 302 316 303 
131 131 131 131 131 131 131 131 131 131 131 137 121 9 2 1 1 1 0 10 11 269 317 271 279 348 280 269 317 271 245 463 246 247 388 241 307 241 236 245 461 292 318 294 302 342 293 293 342 303 292 318 294 246 247 234 241 307 241 395 245 246 246 261 277 267 278 261 246 284 300 290 301 284 246 463 247 234 241 307 241 236 245 246 459 261 277 267 278 261 246 247 241 241 245 461 284 300 290 301 
11 11 11 11 11 11 11 11 11 11 11 418 11 121 7 7 7 7 7 120 11 272 273 274 281 308 282 272 273 274 245 246 246 247 389 241 307 241 236 245 246 295 296 297 302 312 313 313 314 303 295 296 297 246 247 234 241 307 241 236 245 448 246 262 281 309 282 262 246 285 304 310 305 285 459 246 247 234 241 307 241 392 245 246 246 262 281 308 282 262 246 247 241 458 245 246 285 304 310 305 
243 243 243 243 243 243 243 243 243 243 243 419 243 243 243 243 243 243 243 243 243 243 243 243 243 243 243 243 243 243 352 448 246 247 234 241 241 241 236 245 448 246 246 246 246 246 246 246 246 246 246 459 246 246 247 234 241 241 241 236 245 246 246 246 246 246 246 246 246 246 246 246 246 246 246 246 247 234 241 307 241 393 245 246 246 246 246 246 420 246 448 247 432 241 245 448 246 246 246 246 
246 246 246 464 246 246 246 246 246 246 246 420 246 448 246 246 246 246 246 246 246 246 464 246 246 246 246 246 246 246 246 246 246 402 231 232 232 232 233 396 246 246 246 464 246 246 246 246 246 246 246 464 246 246 402 231 232 232 232 233 396 246 246 246 246 246 246 246 464 246 246 246 246 246 246 246 402 234 241 307 241 236 396 246 246 246 246 246 420 464 246 247 433 241 245 246 246 464 246 246 
249 249 249 465 372 373 249 249 249 249 249 249 421 249 249 249 249 249 376 377 249 249 465 249 249 249 380 381 249 249 249 249 249 403 234 241 241 241 236 397 249 249 249 465 376 377 249 249 249 249 249 465 249 249 403 234 241 241 241 236 397 249 249 249 249 372 373 249 465 249 249 249 249 249 249 249 403 234 241 241 241 236 397 249 249 249 249 380 421 465 249 250 241 241 248 249 249 465 249 249 
228 228 228 228 374 375 228 228 228 228 228 228 422 228 228 228 228 228 378 379 228 228 228 228 228 228 382 383 228 228 228 228 225 228 240 241 241 241 239 228 225 228 228 228 378 379 228 228 228 228 228 228 228 225 228 240 241 241 241 239 228 225 228 228 228 374 375 228 228 228 228 228 228 228 228 228 228 240 241 241 241 239 228 228 228 228 228 382 383 228 228 228 228 228 228 228 228 228 228 228 
241 241 241 241 241 241 241 241 241 241 241 241 423 241 241 241 241 241 241 241 241 241 241 241 241 241 241 241 241 241 241 241 226 241 241 241 241 241 241 241 226 241 241 241 241 241 241 241 241 241 241 241 241 226 241 241 241 241 241 241 241 226 241 241 241 241 241 241 241 241 241 241 241 241 241 241 241 241 241 241 241 241 241 241 241 241 241 423 241 241 241 241 241 241 241 241 241 241 241 241 
306 306 306 306 306 306 306 306 306 306 306 306 426 306 306 306 306 306 306 306 306 306 306 306 306 306 306 306 306 306 306 241 226 241 241 241 241 241 241 241 226 241 306 306 306 306 306 306 306 306 306 306 241 226 241 241 241 241 241 241 241 226 241 306 306 306 306 306 306 306 306 306 306 306 306 306 241 241 241 241 241 241 241 306 306 306 306 426 306 306 306 306 306 306 306 306 306 306 306 306 
241 241 241 241 241 241 241 241 241 241 241 241 423 365 364 241 241 241 241 241 241 241 241 241 241 241 241 241 361 360 241 241 226 241 241 241 241 241 241 241 226 241 241 241 241 241 241 368 369 241 241 241 241 226 241 241 241 241 241 241 241 226 241 241 241 241 241 241 241 241 241 365 364 241 241 241 241 241 241 241 241 241 241 241 241 241 241 423 241 241 241 241 241 241 241 361 360 241 241 241 
230 230 230 230 230 230 466 230 230 230 230 230 230 367 366 230 230 230 466 230 230 230 230 230 230 230 230 466 363 362 230 230 227 398 238 241 241 241 237 400 227 230 230 230 230 466 230 370 371 230 230 230 230 227 398 238 241 241 241 237 400 227 230 230 230 230 230 230 466 230 230 367 366 230 230 230 398 238 241 241 241 237 400 230 230 230 230 425 230 466 230 230 230 230 230 363 362 230 466 230 
243 243 243 243 243 243 467 243 243 243 243 243 243 419 243 243 320 321 440 322 243 244 241 241 242 243 243 251 444 252 253 243 243 399 234 241 241 241 236 401 243 243 320 441 321 322 243 243 243 251 252 446 253 243 399 234 241 241 241 236 401 243 243 243 243 243 243 243 467 243 243 243 243 243 243 243 399 234 241 241 241 236 401 243 243 243 251 446 252 253 243 244 241 241 242 243 243 251 252 446 
246 246 246 246 449 246 246 246 246 246 246 246 246 420 246 246 326 327 327 328 246 247 241 241 245 246 246 257 258 258 259 246 246 247 231 232 232 232 233 245 246 246 326 327 327 328 246 246 246 257 258 258 259 246 247 231 232 232 232 233 245 246 246 246 246 246 246 246 246 246 246 246 246 246 246 246 247 234 241 307 241 236 245 246 246 246 257 258 258 259 246 247 241 241 245 246 246 257 258 258 
246 251 252 252 252 252 252 252 252 252 252 253 246 420 246 246 286 287 287 287 246 247 458 241 245 460 246 286 287 287 288 449 246 247 234 241 241 241 236 245 246 246 263 264 264 265 449 246 246 286 287 287 288 462 247 234 241 241 241 236 245 246 246 246 246 246 246 246 246 246 246 246 246 246 246 246 247 234 241 307 241 390 245 246 246 246 263 264 264 265 246 247 432 241 245 246 246 286 287 287 
246 254 255 255 255 445 255 255 255 255 255 256 246 246 420 246 292 316 316 294 246 247 241 241 245 461 246 292 318 318 294 246 246 247 234 241 307 241 236 245 460 246 269 315 315 271 246 246 246 292 318 318 294 463 247 234 241 307 241 236 245 246 246 246 246 449 246 246 246 246 246 246 246 246 246 246 247 234 241 307 241 391 245 246 246 246 269 315 315 271 246 247 433 241 245 460 246 292 316 316 
246 254 255 333 258 258 258 258 258 334 445 256 246 246 420 246 289 290 290 290 246 247 241 241 245 246 246 289 290 290 291 246 246 247 234 241 307 241 236 245 461 246 266 267 267 268 246 246 246 289 290 290 291 246 247 386 241 307 241 236 245 246 246 251 252 252 252 252 252 252 252 252 252 253 246 246 247 234 241 307 241 236 245 246 246 246 266 267 267 268 246 247 241 241 245 461 246 289 290 290 
460 254 445 256 275 264 264 264 276 254 255 256 246 246 420 246 295 296 296 297 246 247 241 428 245 246 246 295 296 296 297 246 246 247 234 241 307 241 394 245 246 246 272 273 273 274 246 246 246 295 296 296 297 246 247 387 241 307 241 236 245 246 246 254 255 255 255 445 255 255 255 255 255 256 246 246 247 234 241 307 241 236 245 246 246 246 272 273 273 274 246 247 241 458 245 246 246 295 296 296 
461 257 258 259 279 343 270 343 280 257 258 259 246 420 460 246 246 246 246 246 462 247 241 429 245 246 246 246 459 246 246 462 246 247 234 241 307 241 395 245 246 246 246 246 246 246 246 246 246 246 246 246 246 246 247 234 241 307 241 236 245 246 246 254 255 333 258 258 258 258 258 334 255 256 246 246 247 388 241 307 241 236 245 246 246 246 420 246 246 246 246 247 241 241 245 246 246 246 246 246 
246 263 264 265 279 344 270 344 280 263 264 265 246 420 461 320 441 321 321 322 463 247 241 241 245 246 251 252 252 446 253 463 246 247 234 241 307 241 236 245 246 246 320 321 321 440 322 246 251 252 444 252 253 246 247 234 241 307 241 236 245 246 460 254 447 256 275 264 264 264 276 254 447 256 246 246 247 389 241 307 241 236 245 246 460 320 440 321 321 322 246 247 430 241 245 246 320 321 440 321 
246 269 343 271 279 345 270 345 280 269 343 271 246 420 246 326 327 327 327 328 246 247 241 241 245 246 257 258 258 258 259 246 246 247 234 241 307 241 236 245 246 246 326 327 327 327 328 246 257 258 258 258 259 246 247 234 241 307 241 236 245 246 461 257 258 259 279 343 270 343 280 257 258 259 462 246 247 234 241 307 241 236 245 246 461 326 327 327 327 328 246 247 431 241 245 246 326 327 327 327 
246 269 345 271 277 267 267 267 278 269 345 271 246 420 246 260 275 264 275 260 246 247 241 458 245 246 260 275 264 276 260 246 246 247 234 241 307 241 236 245 246 246 283 298 287 299 283 246 260 275 264 276 260 246 247 234 241 307 241 236 245 246 246 263 264 265 279 344 270 344 280 263 264 265 463 246 247 234 241 307 241 236 245 246 246 260 275 264 276 260 462 247 241 241 245 246 283 298 287 299 
459 272 273 274 281 312 313 314 282 272 273 274 420 246 246 261 279 315 280 261 246 247 241 241 245 246 261 279 317 280 261 246 246 247 386 241 307 241 236 245 246 460 284 302 316 303 284 246 261 279 317 280 261 462 247 234 241 307 241 394 245 246 246 269 343 271 279 345 270 345 280 269 343 271 246 246 247 234 241 307 241 392 245 246 246 261 279 317 280 261 463 247 241 241 245 246 284 302 318 303 
246 354 355 355 355 355 355 355 355 355 355 356 420 246 246 261 277 267 278 261 246 247 241 241 245 246 261 277 267 278 261 246 246 247 387 241 307 241 236 245 246 461 284 300 290 301 284 246 261 277 267 278 261 463 247 234 241 307 241 395 245 246 246 269 345 271 277 267 267 267 278 269 345 271 246 246 247 234 241 307 241 393 245 246 246 261 277 277 278 261 246 247 241 241 245 246 284 300 290 301 
246 246 246 246 246 246 246 246 246 246 246 246 420 448 246 262 281 310 282 262 246 247 241 241 245 246 262 281 308 282 262 246 246 247 234 241 307 241 236 245 246 246 285 304 309 305 285 448 262 281 308 282 262 246 247 234 241 307 241 236 245 246 246 272 273 274 281 312 313 314 281 272 273 274 246 246 247 234 241 307 241 236 245 246 246 262 281 309 282 262 246 247 241 434 245 246 285 304 309 305 
246 246 246 246 246 246 246 246 246 246 246 246 420 246 246 246 246 246 246 246 459 247 432 241 245 246 246 246 246 246 246 448 246 247 234 241 241 241 236 245 246 459 246 246 246 246 246 246 246 246 246 246 246 246 247 234 241 241 241 236 245 246 246 246 459 246 246 246 246 246 246 246 246 246 448 246 247 234 241 241 241 236 245 459 246 246 420 246 246 246 448 247 241 435 245 448 246 246 246 246 
246 246 246 246 246 246 464 246 246 246 246 246 246 420 246 464 246 246 246 246 246 247 433 241 245 464 246 246 246 246 246 246 246 402 231 232 232 232 233 396 246 246 246 246 246 246 246 464 246 246 246 246 246 246 247 231 232 232 232 233 245 246 246 246 246 464 246 246 246 246 246 246 464 246 246 246 247 231 232 232 232 233 245 246 464 246 420 246 246 246 246 247 241 241 245 246 464 246 246 246 
249 249 249 376 377 249 465 249 249 249 249 249 249 421 381 465 249 249 249 249 249 250 241 241 248 465 249 380 381 249 249 249 249 403 234 241 241 241 236 397 249 249 249 249 249 372 373 465 249 249 249 380 381 249 250 234 241 241 241 236 248 249 249 376 377 465 249 249 249 249 372 373 465 249 249 249 250 234 241 241 241 236 248 249 465 249 249 421 249 249 380 250 241 241 248 249 465 249 372 373 
228 228 228 378 379 228 228 228 228 228 228 228 228 382 383 228 228 228 228 228 228 228 228 228 228 228 228 382 383 228 228 228 225 228 240 241 241 241 239 228 225 228 228 228 228 374 375 228 228 228 228 382 383 228 228 240 241 241 241 239 228 228 228 378 379 228 228 228 228 228 374 375 228 228 228 225 228 240 241 241 241 239 228 228 228 228 228 422 228 228 382 383 228 228 228 228 228 228 374 375 
241 241 241 241 241 241 241 241 241 241 241 241 241 241 423 241 241 241 241 241 241 241 241 241 241 241 241 241 241 241 241 241 226 241 241 241 241 241 241 241 226 241 241 241 241 241 241 241 241 241 241 241 241 241 241 241 241 241 241 241 241 241 241 241 241 241 241 241 241 241 241 241 241 241 241 226 241 241 241 241 241 241 241 241 241 241 241 423 241 241 241 241 241 241 241 241 241 241 241 241 
229 241 229 241 229 241 229 241 229 241 229 241 229 241 424 241 229 241 229 241 229 241 229 241 229 241 229 241 229 241 229 241 226 241 241 241 241 241 241 241 226 241 229 241 229 241 229 241 229 241 229 241 229 241 229 241 229 241 229 241 229 241 229 241 229 241 229 241 229 241 229 241 229 241 241 226 241 241 241 241 241 241 241 241 229 241 229 241 424 241 229 241 229 241 229 241 229 241 229 241 
241 241 241 241 241 241 241 241 241 241 241 241 241 241 423 241 241 241 241 241 241 241 241 241 241 241 241 241 241 241 241 241 226 241 241 241 241 241 241 241 226 241 241 241 241 241 241 241 241 241 241 241 241 241 241 241 241 241 241 241 241 241 241 241 241 241 241 241 241 241 241 241 241 241 241 226 241 241 241 241 241 241 241 241 241 241 241 241 423 241 241 241 241 241 241 241 241 241 241 241 
306 306 306 306 306 306 306 306 306 306 306 306 306 306 306 426 306 306 306 306 306 306 306 306 306 306 306 306 306 306 306 241 226 241 241 241 241 241 241 241 226 241 306 306 306 306 306 306 306 306 306 306 306 306 306 306 306 306 306 306 306 306 306 306 306 306 306 306 306 306 306 306 306 306 241 226 241 241 241 241 241 241 241 241 306 306 306 306 426 306 306 306 306 306 306 306 306 306 306 306 
241 241 241 241 241 241 241 241 241 241 241 241 241 241 241 423 241 241 241 241 241 241 241 241 241 241 241 241 241 241 241 241 226 241 241 241 241 241 241 241 226 241 241 241 241 241 241 241 241 241 241 241 241 241 241 241 241 241 241 241 241 241 241 241 241 241 241 241 241 241 241 241 241 241 241 226 241 241 241 241 241 241 241 241 241 241 241 241 423 241 241 241 241 241 241 241 241 241 241 241 
229 241 229 241 229 241 229 241 229 241 229 241 229 241 229 423 229 241 229 241 229 241 229 241 229 241 229 241 229 241 229 241 226 241 241 241 241 241 241 241 226 241 229 241 229 241 229 241 229 241 229 241 229 241 229 241 229 241 229 241 229 241 229 241 229 241 229 241 229 241 229 241 229 241 241 226 241 241 241 241 241 241 241 241 229 241 229 241 424 241 229 241 229 241 229 241 229 241 229 241 
241 241 241 241 241 241 241 241 361 360 241 241 241 241 423 241 241 365 364 241 241 241 241 241 241 241 241 361 360 241 241 241 226 241 241 241 241 241 241 241 226 241 241 241 365 364 241 241 241 241 241 241 241 241 241 241 241 241 241 365 364 241 241 241 241 241 241 241 241 241 241 241 368 369 241 226 241 241 241 241 241 241 241 241 241 241 361 360 423 241 241 241 241 241 365 364 241 241 241 241 
230 230 230 230 230 230 466 230 363 362 230 230 230 425 230 230 230 367 366 230 230 466 230 230 230 230 230 363 362 230 466 230 227 398 238 241 241 241 237 400 226 230 230 230 367 366 230 230 230 230 241 241 241 241 230 230 230 230 230 367 366 230 230 230 230 238 241 241 241 237 450 230 370 371 230 227 230 466 230 230 230 230 230 230 230 230 363 362 230 230 466 230 230 230 367 366 230 230 230 466 
243 243 243 243 243 243 467 243 243 243 243 243 243 419 244 241 241 242 243 243 243 467 243 243 243 243 243 243 243 243 467 243 243 399 234 241 241 241 236 401 243 243 243 243 243 243 243 243 243 244 241 241 241 241 242 243 243 243 243 243 243 243 243 243 244 234 241 241 241 236 451 243 243 243 243 243 243 467 243 244 241 241 242 243 243 243 419 243 243 243 467 243 243 243 243 243 243 243 243 467 
246 246 320 441 321 322 246 246 246 251 444 252 253 246 247 241 241 245 246 246 246 246 246 246 246 246 246 246 246 246 246 246 246 247 231 232 232 232 233 245 246 246 246 246 246 246 246 246 246 247 231 232 232 233 245 246 246 246 246 246 246 246 246 246 247 231 232 232 232 233 245 246 246 251 446 252 253 246 246 247 241 241 245 246 246 320 321 440 322 246 246 246 246 246 246 246 246 246 246 246 
246 459 326 327 327 328 246 246 246 257 258 258 259 246 247 432 241 245 246 246 246 246 246 246 246 246 246 449 246 246 246 246 246 247 234 241 241 241 236 245 246 349 249 249 249 249 249 249 249 250 241 241 241 241 248 249 249 249 249 249 249 249 350 246 247 234 241 241 241 236 245 246 246 257 258 258 259 246 246 247 241 436 245 460 246 326 327 327 328 246 246 246 246 246 246 246 246 246 246 449 
246 246 263 264 264 265 246 246 449 263 264 264 265 246 247 433 241 245 246 246 251 252 252 252 252 252 252 252 252 252 253 246 246 247 234 241 307 241 236 245 246 247 241 428 241 436 241 432 241 241 241 241 241 241 241 432 241 434 241 428 241 436 245 246 247 234 241 307 241 236 245 246 246 286 287 287 288 449 246 247 241 437 245 461 246 263 264 264 265 246 246 246 320 321 321 321 321 321 321 321 
246 246 269 315 315 271 246 246 246 269 317 317 271 462 247 241 241 245 246 246 254 255 255 255 447 255 255 255 255 447 256 246 246 247 234 241 307 241 390 245 246 247 241 429 241 437 241 433 241 241 241 241 241 241 241 433 241 435 241 429 241 437 245 246 247 234 241 307 241 236 245 246 246 292 318 318 294 246 462 247 241 241 245 246 246 269 317 317 271 246 246 246 323 324 324 324 324 443 324 324 
246 246 266 267 267 268 246 246 246 266 267 267 268 463 247 241 241 245 246 246 254 255 333 258 258 258 258 258 334 255 256 246 246 247 234 241 307 241 391 245 246 247 241 241 241 241 241 241 241 241 241 241 241 241 241 241 241 241 241 241 241 241 245 246 247 234 241 307 241 236 245 246 246 289 290 290 291 246 463 247 241 241 245 246 246 266 267 267 268 246 246 246 323 324 329 327 327 327 327 327 
246 246 272 273 273 274 246 246 246 272 273 273 274 246 247 241 241 245 246 460 254 447 256 298 287 287 287 299 254 255 256 246 246 247 234 241 307 241 236 248 249 250 241 241 241 428 241 438 241 434 241 432 241 436 241 428 241 241 241 430 241 438 245 246 247 234 241 307 241 236 245 246 246 295 296 296 297 246 246 247 241 241 245 246 246 272 273 273 274 246 246 246 323 442 325 298 287 287 287 299 
246 246 246 246 246 246 246 246 246 246 246 420 246 246 247 241 434 245 246 461 257 258 259 302 337 293 337 303 257 258 259 246 246 247 234 241 307 241 241 241 225 241 241 241 241 429 241 439 241 435 241 433 241 431 241 429 241 241 241 431 241 439 245 246 247 234 241 307 241 236 245 246 246 246 246 246 246 246 246 247 241 458 245 246 246 246 421 246 246 246 246 460 326 327 328 302 340 293 340 303 
246 320 321 321 441 322 246 246 251 252 252 444 253 246 247 241 435 245 246 246 286 287 288 302 338 293 338 303 286 287 288 462 246 247 386 241 307 241 241 241 226 241 241 241 241 241 241 241 241 241 241 241 241 241 241 241 241 241 241 241 241 241 245 246 247 234 241 307 241 236 245 246 246 320 321 321 440 322 246 247 241 241 245 460 251 252 252 446 253 246 246 461 286 287 288 302 341 293 341 303 
246 326 327 327 327 328 246 246 257 258 258 258 259 246 247 241 241 245 246 246 292 337 294 302 339 293 339 303 292 337 294 463 246 247 387 241 307 241 241 241 227 241 241 241 241 430 241 241 241 438 241 428 241 241 241 438 241 241 241 434 241 430 245 246 247 234 241 307 241 236 245 246 246 326 327 327 327 328 246 247 458 241 245 461 257 258 258 258 259 246 246 246 292 340 294 302 342 293 342 303 
246 283 298 287 299 283 246 246 283 298 287 299 283 246 247 241 241 245 246 246 292 339 294 300 290 290 290 301 292 339 294 246 246 247 234 241 307 241 236 242 243 244 241 241 241 431 241 241 241 439 241 429 241 241 241 439 241 241 241 435 241 431 245 246 247 234 241 307 241 236 245 246 246 260 275 264 276 260 246 247 241 241 245 246 283 298 287 299 283 246 246 246 292 342 294 300 290 290 290 301 
246 284 302 316 303 284 246 246 284 302 318 303 284 462 247 458 241 245 246 246 295 296 297 304 312 313 314 305 295 296 297 246 246 247 234 241 307 241 236 245 246 247 241 241 241 241 241 241 241 241 241 241 241 241 241 241 241 241 241 241 241 241 245 246 247 234 241 307 241 236 245 246 460 261 279 315 280 261 246 247 428 241 245 246 284 302 316 303 284 246 246 246 295 296 297 304 312 313 314 305 
246 284 300 290 301 284 246 246 284 300 290 301 284 463 247 241 241 245 246 459 354 355 355 355 355 355 355 355 355 355 356 246 246 247 234 241 307 241 392 245 246 247 241 438 241 434 241 428 241 436 241 432 241 434 241 436 241 430 241 438 241 434 245 246 247 234 241 307 241 236 245 246 461 261 277 267 278 261 246 247 429 241 245 246 284 300 290 301 284 246 246 246 354 355 355 355 355 355 355 355 
246 285 304 310 305 285 246 246 285 304 308 305 285 246 247 241 241 245 246 246 246 246 246 246 246 246 246 246 246 246 246 246 246 247 234 241 307 241 393 245 246 247 241 439 241 435 241 429 241 437 241 433 241 435 241 437 241 431 241 439 241 435 245 246 247 234 241 307 241 236 245 246 246 262 281 310 282 262 246 247 241 241 245 246 285 304 308 305 285 246 448 246 246 246 246 246 246 246 246 246 
246 459 246 246 246 246 448 246 246 246 246 246 420 246 247 241 436 245 246 246 246 246 246 246 246 246 246 246 246 246 246 448 246 247 234 241 241 241 236 245 246 351 243 243 243 243 243 243 243 243 243 243 243 243 243 243 243 243 243 243 243 243 352 246 247 234 241 241 241 236 245 246 448 246 246 246 246 459 246 247 241 241 245 246 459 246 246 246 420 246 246 246 246 246 246 246 246 246 246 246 
246 246 246 246 246 464 246 246 246 246 246 246 420 246 247 241 437 245 246 464 246 246 246 246 246 246 246 246 246 464 246 246 246 452 231 232 232 232 233 245 246 246 246 246 246 246 246 246 246 246 246 246 246 246 246 246 246 246 246 246 246 246 246 246 452 231 232 232 232 233 245 246 246 246 464 246 246 246 246 402 241 241 396 246 246 246 246 246 420 246 464 246 246 246 246 246 246 246 246 246 
249 249 249 249 249 465 249 249 380 381 249 249 249 421 250 241 241 248 249 465 249 372 373 249 249 249 249 249 249 465 249 249 249 453 234 241 241 241 236 248 249 249 249 249 380 381 249 249 249 249 249 249 249 249 249 249 249 249 376 377 249 249 249 249 453 234 241 241 241 236 248 249 249 249 465 380 381 249 249 403 241 241 397 249 249 249 372 373 421 249 465 249 249 249 249 376 377 249 249 249 
228 228 228 228 228 228 228 228 382 383 228 228 228 423 228 228 228 228 228 228 228 374 375 228 228 228 228 228 228 228 228 228 225 228 240 241 241 241 239 228 225 228 228 228 382 383 228 228 228 228 228 228 228 228 228 228 228 228 378 379 228 228 228 225 228 240 241 241 241 239 228 228 228 228 228 382 383 228 228 228 228 228 228 228 228 228 374 375 228 228 228 228 228 228 228 378 379 228 228 228 
241 241 241 241 241 241 241 241 241 241 241 241 241 423 241 241 241 241 241 241 241 241 241 241 241 241 241 241 241 241 241 241 226 241 241 241 241 241 241 241 226 241 241 241 241 241 241 241 241 241 241 241 241 241 241 241 241 241 241 241 241 241 241 226 241 241 241 241 241 241 241 241 241 241 241 241 241 241 241 241 241 241 241 241 241 241 241 423 241 241 241 241 241 241 241 241 241 241 241 241 
306 306 306 306 306 306 306 306 306 306 306 306 306 426 306 306 306 306 306 241 241 241 241 241 241 241 306 306 306 306 306 241 226 241 241 241 241 241 241 241 226 306 306 306 306 306 306 306 306 306 306 306 306 241 241 241 241 241 241 241 306 306 241 226 241 241 241 241 241 241 241 306 306 306 306 306 306 241 241 241 241 241 241 241 306 306 306 426 306 306 306 306 306 306 306 306 306 306 306 306 
241 241 365 364 241 241 241 241 241 241 241 241 241 423 361 360 241 241 241 241 241 241 241 241 241 241 241 241 365 364 241 241 226 241 241 241 241 241 241 241 226 241 241 241 241 241 241 361 360 241 241 241 241 241 241 241 241 241 241 241 241 241 241 226 241 241 241 241 241 241 241 241 365 364 241 241 241 241 241 241 241 241 241 241 241 241 241 423 241 361 360 241 241 241 241 241 241 241 241 241 
230 230 367 366 230 230 466 230 230 230 230 230 230 230 363 362 230 466 230 230 238 241 241 241 237 450 230 230 367 366 230 466 227 230 230 230 230 230 230 230 227 230 230 466 230 230 230 363 362 230 466 230 230 230 238 241 241 241 237 450 230 230 230 227 230 230 466 230 230 230 230 230 367 366 230 230 230 398 238 241 241 241 237 400 230 230 230 425 230 363 362 230 466 230 230 230 230 230 230 230 
241 241 242 243 243 243 251 252 252 252 252 252 252 252 252 252 253 467 243 244 234 241 241 241 236 451 243 243 243 243 243 467 243 243 244 241 241 242 243 243 243 243 243 467 243 243 243 243 243 243 467 243 243 244 234 241 241 241 236 451 243 243 320 321 321 321 321 321 321 321 321 321 321 322 243 243 243 399 234 241 241 241 236 401 243 243 419 243 243 243 243 243 467 243 243 243 243 243 243 243 
241 241 245 246 246 449 254 255 255 255 255 255 447 255 255 255 256 246 246 247 231 232 232 232 233 245 246 246 246 246 246 246 246 246 247 241 241 245 246 246 246 246 246 246 246 246 246 246 246 246 246 246 246 247 231 232 232 232 233 245 246 246 323 324 324 324 324 443 324 324 324 324 324 325 449 246 246 247 231 232 232 232 233 245 246 246 420 246 246 246 246 246 246 246 246 246 246 246 246 246 
432 241 245 246 251 252 254 445 333 258 258 258 258 258 334 255 256 246 246 247 234 241 241 241 236 245 246 246 246 246 246 246 246 246 247 241 241 245 246 246 246 246 246 246 246 246 246 246 246 246 246 246 246 247 234 241 241 241 236 245 246 246 323 324 329 327 327 327 327 327 327 330 443 325 321 322 246 247 234 241 241 241 236 245 246 246 420 246 246 246 246 246 246 246 246 246 246 246 246 246 
433 241 245 460 254 447 254 255 256 275 264 264 264 276 254 445 256 246 246 247 234 241 307 241 236 245 246 246 320 321 441 321 322 462 247 241 241 245 460 251 252 252 444 253 246 246 251 252 252 446 253 246 246 247 234 241 307 241 392 245 246 246 323 443 325 298 287 287 287 287 299 323 324 325 442 325 462 247 234 241 307 241 236 245 246 246 251 252 252 446 253 246 246 320 440 321 321 322 246 246 
241 241 245 461 257 258 257 258 259 279 346 270 346 280 257 258 259 462 246 247 234 241 307 241 236 245 460 246 326 327 327 327 328 463 247 241 438 245 461 257 258 258 258 259 246 246 257 258 258 258 259 246 246 247 234 241 307 241 393 245 246 460 326 327 328 302 340 293 293 340 303 326 327 328 327 328 463 247 234 241 307 241 390 245 246 246 257 258 258 258 259 246 246 326 327 327 327 328 449 246 
241 241 245 246 263 264 263 264 265 279 347 270 347 280 263 264 265 463 246 247 234 241 307 241 236 245 461 246 283 298 287 299 283 246 247 241 439 245 246 283 298 287 299 283 246 246 260 275 264 276 260 462 246 247 234 241 307 241 236 245 246 461 286 287 288 302 342 293 293 342 303 286 287 288 287 288 246 247 234 241 307 241 391 245 246 246 260 275 264 276 260 246 246 283 298 287 299 283 246 246 
241 241 245 459 272 311 269 346 271 279 348 270 348 280 269 346 271 246 246 247 234 241 307 241 394 245 246 246 284 302 316 303 284 246 247 241 241 245 246 284 302 318 303 284 246 246 261 279 317 280 261 463 246 247 234 241 307 241 236 245 246 246 292 318 294 300 290 290 290 290 301 292 318 294 309 297 246 247 388 241 307 241 236 245 460 246 261 279 317 280 261 246 246 284 302 316 303 284 246 462 
241 241 245 246 246 246 269 348 271 277 267 267 267 278 269 348 271 246 246 247 234 241 307 241 395 245 246 246 284 300 290 301 284 246 247 241 241 245 246 284 300 290 301 284 246 246 261 277 267 278 261 246 246 247 384 241 307 241 236 245 246 246 289 290 291 302 293 293 293 293 303 289 290 291 246 459 246 247 389 241 307 241 236 245 461 246 261 277 267 278 261 246 246 284 300 290 301 284 246 463 
241 241 245 246 246 246 272 273 274 281 312 313 314 282 272 273 274 246 246 247 234 241 307 241 236 245 459 246 285 304 310 305 285 246 247 241 241 245 246 285 304 309 305 285 246 246 262 281 309 282 262 246 246 247 385 241 307 241 236 245 246 246 295 296 297 304 312 313 313 314 305 295 296 297 246 246 246 247 234 241 307 241 236 245 246 246 262 281 309 282 262 246 246 285 304 310 305 285 246 246 
241 430 245 246 246 246 354 355 355 355 355 355 355 427 355 355 356 246 448 247 234 241 241 241 236 245 246 246 246 246 246 246 448 246 247 428 241 245 246 246 246 246 246 246 246 448 246 246 246 246 459 246 246 247 234 241 241 241 236 245 246 448 354 355 355 355 355 355 355 355 355 355 355 356 246 246 246 247 234 241 241 241 236 245 246 246 246 420 246 246 246 448 246 246 246 246 246 459 246 246 
241 431 245 246 246 464 246 246 246 246 246 246 246 420 246 246 246 464 246 452 231 232 232 232 233 245 246 464 246 246 246 246 246 246 247 429 241 245 246 246 246 246 246 246 464 246 246 246 246 246 246 246 246 452 231 232 232 232 233 245 246 464 246 246 246 246 246 246 246 246 246 246 246 246 246 464 246 452 231 232 232 232 233 245 246 246 246 420 246 246 246 246 464 246 246 246 246 246 246 246 
241 241 248 249 249 465 381 249 249 249 249 249 249 421 249 249 249 465 249 453 234 241 241 241 236 248 249 465 249 376 377 249 249 249 250 241 241 248 376 377 249 249 249 249 465 249 249 249 380 381 249 249 249 453 234 241 241 241 236 248 249 465 249 249 249 249 249 249 249 376 377 249 249 249 249 465 249 453 234 241 241 241 236 248 249 249 249 421 249 249 372 373 465 249 249 249 249 249 249 249 
228 228 228 228 228 382 383 228 228 228 225 228 422 228 228 228 228 228 228 228 240 241 241 241 239 228 225 228 228 378 379 228 228 228 228 228 228 228 378 379 228 228 228 228 228 228 228 228 382 383 228 228 225 228 240 241 241 241 239 228 228 228 228 228 228 228 228 228 228 378 379 228 228 225 228 228 228 228 240 241 241 241 239 228 228 228 228 422 228 228 374 375 228 228 228 228 228 228 228 228 
241 241 241 241 241 241 241 241 241 241 226 241 423 241 241 241 241 241 241 241 241 241 241 241 241 241 226 241 241 241 241 241 241 241 241 241 241 241 241 241 241 241 241 241 241 241 241 241 241 241 241 241 226 241 241 241 241 241 241 241 241 241 241 241 241 241 241 241 241 241 241 241 241 226 241 241 241 241 241 241 241 241 241 241 241 241 241 423 241 241 241 241 241 241 241 241 241 241 241 241 
306 306 306 241 241 241 241 241 241 241 226 241 426 306 306 306 306 306 306 241 241 241 241 241 241 241 226 241 306 306 306 306 306 306 306 306 306 306 306 306 306 306 306 306 306 306 306 306 306 306 306 241 226 241 241 241 241 241 241 241 306 306 306 306 306 306 241 241 241 241 241 241 241 226 241 306 306 241 241 241 241 241 241 241 306 306 306 306 426 306 306 306 306 306 306 306 306 306 306 306 
241 241 241 241 241 241 241 241 241 241 226 241 423 241 361 360 241 241 241 241 241 241 241 241 241 241 226 241 241 241 241 241 241 241 241 241 241 241 241 241 241 241 241 241 241 361 360 241 241 241 241 241 226 241 241 241 241 241 241 241 241 241 368 369 241 241 241 241 241 241 241 241 241 226 241 241 241 241 241 241 241 241 241 361 360 241 241 241 423 241 241 241 241 241 241 241 241 241 365 364 
230 466 230 230 238 241 241 241 237 230 227 230 425 230 363 362 230 466 230 230 230 230 230 230 230 230 227 230 230 466 230 230 230 230 230 238 241 241 241 237 450 230 230 230 230 363 362 230 466 230 230 230 227 230 230 230 230 230 230 230 230 466 370 371 230 230 230 238 241 241 241 237 450 227 230 230 230 230 230 466 230 230 230 363 362 230 230 230 425 230 230 230 466 230 230 230 230 230 367 366 
243 467 243 244 234 241 241 241 236 242 243 243 243 419 243 243 243 467 243 243 243 243 244 241 241 242 243 243 243 467 243 243 243 243 244 234 241 241 241 236 451 243 243 243 243 243 243 243 467 243 243 243 243 243 244 241 241 242 243 243 243 467 243 243 243 243 244 234 241 241 241 236 451 243 243 243 243 243 243 467 243 243 243 243 243 243 243 243 419 243 243 243 467 243 243 243 243 243 243 243 
321 441 322 247 231 232 232 232 233 245 251 446 252 252 253 246 251 252 444 252 253 246 247 241 434 245 246 320 441 321 321 322 246 246 247 231 232 232 232 233 245 246 246 246 246 246 246 246 246 246 246 246 449 246 247 241 241 245 246 246 320 441 321 322 246 246 247 234 241 307 241 236 245 246 246 246 246 246 246 246 246 246 246 246 246 246 246 420 246 246 246 246 246 246 246 246 246 246 246 246 
327 327 328 247 234 241 241 241 236 245 257 258 258 258 259 246 257 258 258 258 259 449 247 241 435 245 246 326 327 327 327 328 246 449 247 234 241 241 241 236 245 246 246 320 321 321 321 321 321 321 321 322 246 246 247 430 241 245 246 246 326 327 327 328 246 449 247 234 241 307 241 236 245 246 349 249 249 249 249 249 249 249 249 249 249 249 249 421 249 249 249 249 249 249 249 249 249 249 249 249 
264 276 260 247 234 241 307 241 236 245 283 298 287 299 283 246 260 275 264 276 260 462 247 241 241 245 246 260 275 264 276 260 462 246 247 234 241 307 241 236 245 246 246 323 324 324 324 324 324 443 324 325 246 246 247 431 241 245 460 246 263 264 264 265 246 246 247 234 241 307 241 236 245 246 247 11 11 11 11 11 11 18 19 86 11 11 11 418 11 11 11 11 22 23 11 11 11 11 87 11 
317 280 261 413 234 241 307 241 236 245 284 302 316 303 284 246 261 279 315 280 261 463 247 408 408 404 405 261 279 317 280 261 463 246 247 234 241 307 241 236 411 412 412 323 442 324 324 324 324 324 324 325 405 405 247 241 241 245 461 246 269 315 315 271 412 412 413 234 241 307 241 236 245 246 247 86 18 19 84 11 11 16 17 84 11 11 11 22 23 87 85 86 20 21 11 86 85 84 18 19 
317 280 261 247 384 241 307 241 417 411 284 302 316 303 284 246 261 279 315 280 261 405 406 241 241 245 246 261 279 317 280 261 412 412 247 234 241 416 415 417 245 246 246 326 327 327 327 327 327 327 327 328 246 246 406 408 408 404 246 246 266 267 267 267 246 246 247 414 415 416 415 236 245 246 413 11 16 17 11 11 85 87 11 11 11 11 84 20 21 11 11 84 11 87 11 11 11 11 16 17 
273 282 262 247 385 415 416 415 236 245 285 304 296 305 285 405 262 281 273 282 262 246 247 241 241 245 246 262 281 273 282 262 246 246 413 414 415 307 241 236 245 246 246 263 264 265 275 264 276 263 264 265 462 246 247 241 241 245 405 405 272 273 273 274 246 246 247 234 241 307 241 417 411 412 247 11 11 11 130 131 131 131 131 131 11 131 131 131 131 131 131 131 131 131 131 131 131 131 131 131 
246 459 246 247 234 241 307 241 236 245 246 246 459 246 246 246 246 246 246 246 246 246 247 241 241 245 246 246 459 246 246 246 246 246 247 234 241 307 241 236 245 246 460 269 343 271 279 315 280 269 343 271 463 246 247 241 241 245 246 246 246 246 459 246 246 246 247 234 241 307 241 236 245 246 247 22 23 11 137 11 11 87 118 3 3 3 119 11 11 11 11 11 11 22 23 11 11 11 11 11 
440 321 322 247 234 241 307 241 236 245 320 321 321 440 322 246 320 321 321 441 322 246 247 241 458 245 460 251 252 252 446 253 246 246 247 234 241 307 241 236 245 246 461 269 344 271 279 270 280 269 344 271 246 246 247 241 458 245 246 251 252 252 444 253 462 246 247 234 241 307 241 236 245 246 247 20 21 87 137 22 23 11 6 2 0 1 10 85 11 86 11 84 11 20 21 11 86 11 85 11 
327 327 328 247 234 241 307 241 236 245 326 327 327 327 328 246 326 327 327 327 328 246 247 430 241 245 461 257 258 258 258 259 246 246 247 234 241 307 241 236 245 246 246 269 345 271 279 315 280 269 345 271 246 246 247 241 241 245 246 257 258 258 258 259 463 246 247 234 241 307 241 236 245 460 247 11 84 11 137 20 21 11 6 0 0 1 10 11 11 11 18 19 11 11 87 11 84 11 11 11 
287 299 283 247 234 241 307 241 390 245 260 275 264 276 260 449 283 298 287 299 283 246 247 431 241 245 246 283 298 287 299 283 246 246 247 234 241 307 241 236 245 246 246 272 273 274 281 273 282 272 273 274 246 246 247 241 438 245 246 283 298 287 299 283 246 246 247 234 241 307 241 236 245 461 247 86 85 11 137 85 11 84 6 1 2 0 4 119 11 87 16 17 11 85 11 11 11 22 23 11 
316 303 284 247 234 241 307 241 391 245 261 279 317 280 261 246 284 302 318 303 284 462 247 241 241 245 246 284 302 316 303 284 246 246 247 234 241 307 241 236 245 246 246 246 246 459 246 246 246 246 246 246 246 246 247 241 439 245 246 284 302 316 303 284 246 246 247 234 241 307 241 236 245 246 247 11 18 19 137 11 18 19 177 9 0 2 1 4 119 11 11 11 11 18 19 11 11 20 21 11 
316 303 284 247 234 241 307 241 236 245 261 279 317 280 261 246 284 302 318 303 284 463 247 241 241 245 246 284 302 316 303 284 449 246 247 234 241 307 241 236 245 246 246 246 246 246 246 246 246 246 246 246 246 246 247 241 241 245 449 284 302 316 303 284 246 246 247 234 241 307 241 236 245 246 247 11 16 17 137 11 16 17 11 177 9 0 0 1 4 119 11 11 11 16 17 11 11 11 11 87 
296 305 285 247 234 241 307 241 236 245 262 281 273 282 262 246 285 304 296 305 285 246 247 241 241 245 246 285 304 296 305 285 246 246 247 234 241 307 241 236 245 246 246 246 246 246 246 246 246 246 246 246 246 246 247 241 241 245 246 285 304 296 305 285 246 246 247 234 241 307 241 236 245 246 247 84 86 11 137 11 86 11 85 11 177 9 0 0 0 4 119 86 11 11 11 11 85 11 84 11 

0 0 0 0 0 0 0 0 0 0 0 0 0 0 0 0 0 0 0 0 0 0 0 0 0 0 0 0 0 0 0 0 0 0 0 0 0 0 0 0 0 0 0 0 0 0 0 0 0 0 0 0 0 0 0 0 0 0 0 0 0 0 0 0 0 0 0 0 0 0 0 0 0 0 0 0 0 0 0 0 0 0 0 0 0 0 0 0 0 0 0 0 0 0 0 0 0 0 0 0 
0 0 0 0 0 0 0 0 0 0 0 0 0 0 0 0 0 0 0 0 0 0 0 0 0 0 0 0 0 0 0 0 0 0 0 0 0 0 0 0 0 0 0 0 0 0 0 0 0 0 0 0 0 0 0 0 0 0 0 0 0 0 0 0 0 0 0 0 0 0 0 0 0 0 0 0 0 0 0 0 0 0 0 0 0 0 0 0 0 0 0 0 0 0 0 0 0 0 0 0 
0 0 0 0 0 0 0 0 0 0 0 0 0 0 0 0 0 0 0 0 0 0 0 0 0 0 0 0 0 0 0 0 0 0 0 0 0 0 0 0 0 0 0 0 0 0 0 0 0 0 0 0 0 0 0 0 0 0 0 0 0 0 0 0 0 0 0 0 0 0 0 0 0 0 0 0 0 0 0 0 0 0 0 0 0 0 0 0 0 0 0 0 0 0 0 0 0 0 0 0 
0 0 0 0 0 0 0 0 0 0 0 0 0 0 0 0 0 0 0 0 0 0 0 0 0 0 0 0 0 0 0 0 0 0 0 0 0 0 0 0 0 0 0 0 0 0 0 0 0 0 0 0 0 0 0 0 0 0 0 0 0 0 0 0 0 0 0 0 0 0 0 0 0 0 0 0 0 0 0 0 0 0 0 0 0 0 0 0 0 0 0 0 0 0 0 0 0 0 0 0 
0 0 0 0 0 0 0 0 0 0 0 0 0 0 0 0 0 0 0 0 0 0 0 0 0 0 0 0 0 0 0 0 0 0 0 0 0 0 0 0 0 0 0 0 0 0 0 0 0 0 0 0 0 0 0 0 0 0 0 0 0 0 0 0 0 0 0 0 0 0 0 0 0 0 0 0 0 0 0 0 0 0 0 0 0 0 0 0 0 0 0 0 0 0 0 0 0 0 0 0 
0 0 0 0 0 0 0 0 0 0 0 0 0 0 0 0 0 0 0 0 0 0 0 0 0 0 0 0 0 0 0 0 0 0 0 0 0 0 0 0 0 0 0 0 0 0 0 0 0 0 0 0 0 0 0 0 0 0 0 0 0 0 0 0 0 0 0 0 0 0 0 0 0 0 0 0 0 0 0 0 0 0 0 0 0 0 0 0 0 0 0 0 0 0 0 0 0 0 0 0 
0 0 0 0 0 0 0 0 0 0 0 0 0 0 0 0 0 0 0 0 0 0 0 0 0 0 0 0 0 0 0 0 0 0 0 0 0 0 0 0 0 0 0 0 0 0 0 0 0 0 0 0 0 0 0 0 0 0 0 0 0 0 0 0 0 0 0 0 0 0 0 0 0 0 0 0 0 0 0 0 0 0 0 0 0 0 0 0 0 0 0 0 0 0 0 0 0 0 0 0 
0 0 0 0 0 0 0 0 0 0 0 0 0 0 0 0 0 0 0 0 0 0 0 0 0 0 0 0 0 0 0 0 0 0 0 0 0 0 0 0 0 0 0 0 0 0 0 0 0 0 0 0 0 0 0 0 0 0 0 0 0 0 0 0 0 0 0 0 0 0 0 0 0 0 0 0 0 0 0 0 0 0 0 0 0 0 0 0 0 0 0 0 0 0 0 0 0 0 0 0 
0 0 0 0 0 0 0 0 0 0 0 0 0 0 0 0 0 0 0 0 0 0 0 0 0 0 0 0 0 0 0 0 0 0 0 1 0 0 0 0 0 0 0 0 0 0 0 0 0 0 0 0 0 0 0 0 0 0 0 0 0 0 0 0 0 0 0 0 0 0 0 0 0 0 0 0 0 0 0 0 0 0 0 0 0 0 0 0 0 0 0 0 0 0 0 0 0 0 0 0 
0 0 0 0 0 0 0 0 0 0 0 0 0 0 0 0 0 0 0 0 0 0 0 0 0 0 0 0 0 0 0 0 0 0 0 0 0 5 0 1 0 0 0 0 0 0 0 0 0 0 0 0 0 1 0 0 0 0 0 0 0 1 0 0 0 0 0 0 0 0 0 0 0 0 0 0 0 0 0 0 0 0 0 0 0 0 0 0 0 0 0 0 0 0 0 0 0 0 0 0 
0 0 0 0 0 0 0 0 0 0 0 0 0 0 0 0 0 0 0 0 0 0 0 0 0 0 0 0 0 0 1 0 0 0 0 5 0 0 0 0 0 0 0 0 0 0 0 0 0 0 0 0 0 0 0 5 0 0 0 0 0 0 0 0 0 0 0 0 5 0 0 0 0 0 0 0 0 0 0 0 0 1 0 0 0 0 0 0 0 0 0 0 0 0 0 0 0 0 0 0 
0 0 0 0 0 0 0 0 0 0 0 0 0 0 0 0 0 0 0 0 0 0 0 0 0 0 0 0 0 0 0 0 0 0 0 0 0 0 5 0 0 0 0 0 0 0 0 0 0 0 0 0 0 0 0 0 0 0 0 0 0 5 0 0 0 0 0 0 2 0 0 0 0 0 1 0 0 0 0 0 5 0 5 0 0 0 0 0 0 0 0 0 0 0 0 0 0 0 0 0 
0 0 0 0 0 0 0 0 0 0 0 0 0 0 0 0 0 0 0 0 0 0 0 0 0 0 0 0 0 0 0 0 0 0 0 0 0 0 0 0 0 0 0 0 0 0 0 0 0 0 0 0 0 0 0 0 0 0 0 0 0 0 0 0 0 0 0 0 0 0 0 0 0 0 0 0 0 0 5 0 0 0 0 1 0 0 0 0 0 0 0 0 0 0 0 0 0 0 0 0 
0 0 0 0 0 0 0 0 0 0 0 0 0 0 0 0 0 0 0 0 0 0 0 0 0 0 0 0 0 0 5 0 0 0 0 0 0 0 0 0 0 0 0 0 0 0 0 0 0 0 0 0 0 0 0 0 0 5 0 0 0 0 0 0 0 0 0 0 0 0 0 0 0 0 0 0 5 0 0 0 0 0 0 0 0 0 0 0 0 0 0 0 0 0 0 0 0 0 0 0 
0 0 0 0 0 0 0 0 0 0 0 0 0 0 0 0 0 0 0 0 0 0 0 0 0 0 0 0 0 0 0 0 0 5 0 0 0 0 0 0 0 0 0 0 0 0 0 0 0 0 0 0 0 0 0 0 0 0 0 0 0 0 0 0 0 0 0 5 0 0 0 0 0 0 0 0 0 0 0 5 0 0 0 5 0 0 0 0 0 0 0 0 0 0 0 0 0 0 0 0 
0 0 0 0 0 0 0 0 0 0 0 0 0 0 0 0 0 0 0 0 0 0 0 0 0 0 0 0 0 0 0 0 0 0 0 0 0 0 0 0 0 0 0 0 0 0 0 0 0 0 0 0 0 0 0 0 0 0 0 0 0 0 0 0 0 0 0 0 0 0 5 0 0 0 0 0 0 0 0 0 0 0 0 0 0 0 0 0 0 0 0 0 0 0 0 0 0 0 0 0 
0 0 0 0 0 0 0 0 0 0 0 0 0 0 0 0 0 0 0 0 0 0 0 0 0 0 0 0 0 0 0 0 0 0 0 0 0 0 0 0 0 0 0 0 0 0 0 0 0 0 0 0 0 0 0 0 0 0 0 0 0 0 0 0 0 0 0 0 0 0 0 0 0 0 0 0 0 0 0 0 0 0 0 0 0 0 0 0 0 0 0 0 0 0 0 0 0 0 0 0 
0 0 0 0 0 0 0 0 0 0 0 0 0 0 0 0 0 0 0 0 0 0 0 0 0 0 0 0 0 0 0 0 0 0 0 0 0 0 0 0 0 0 0 0 0 0 0 0 0 0 0 0 0 0 0 0 0 0 0 0 0 0 0 0 0 0 0 0 0 0 0 0 0 0 0 0 0 0 0 0 0 0 0 0 0 0 0 0 0 0 0 0 0 0 0 0 0 0 0 0 
0 0 0 0 0 0 0 0 0 0 0 0 0 0 0 0 0 0 0 0 0 0 0 0 0 0 0 0 0 0 0 0 0 0 0 0 0 0 0 0 0 0 0 0 0 0 0 0 0 0 0 0 0 0 0 0 0 0 0 0 0 0 0 0 0 0 0 0 0 0 0 0 0 0 0 0 0 0 0 0 0 0 0 0 0 0 0 0 0 0 0 0 0 0 0 0 0 0 0 0 
0 0 0 0 0 0 0 0 0 0 0 0 0 0 0 0 0 0 0 0 0 0 0 0 0 0 0 0 0 0 0 0 0 0 0 0 0 0 0 0 0 0 0 0 0 0 0 0 0 0 0 0 0 0 0 0 0 99 0 0 0 0 0 0 0 0 0 0 0 0 0 0 0 0 0 0 0 0 0 0 0 0 0 0 0 0 0 0 0 0 0 0 0 0 0 0 0 0 0 0 
0 0 0 0 0 0 0 0 0 0 0 0 0 0 0 0 0 0 0 0 0 0 0 0 0 0 0 0 0 0 0 0 0 0 0 0 0 0 0 0 0 0 0 0 0 0 0 0 0 0 0 0 0 0 0 0 0 0 0 0 0 0 0 0 0 0 0 0 0 0 0 0 0 0 0 0 0 0 0 0 0 0 0 0 0 0 0 0 0 0 0 0 0 0 0 0 0 0 0 0 
0 0 0 0 0 0 0 0 0 0 0 0 0 0 0 0 0 0 0 0 0 0 0 0 0 0 0 0 0 0 0 0 0 0 0 0 0 0 1 0 0 0 0 0 0 0 0 0 0 0 0 0 0 0 0 0 0 0 0 0 0 0 0 0 0 0 0 0 0 0 0 0 0 0 0 0 0 0 0 0 0 0 0 0 0 0 0 0 0 0 0 0 0 0 0 0 0 0 0 0 
0 0 0 0 0 0 0 0 0 0 0 0 0 0 0 0 0 0 0 0 0 0 0 0 0 0 0 0 0 0 0 0 0 0 0 0 0 0 0 0 0 0 0 0 0 0 0 0 0 0 0 0 0 0 0 0 0 0 0 0 0 0 0 0 0 0 0 0 0 0 0 0 0 0 0 0 0 0 0 0 0 0 0 0 0 0 0 0 0 0 0 0 0 0 0 0 0 0 0 0 
0 0 0 0 0 0 0 0 0 0 0 0 0 0 0 0 0 0 0 0 5 0 0 0 0 0 0 0 0 0 0 0 0 0 0 0 0 0 0 0 0 0 0 0 0 0 0 5 0 0 0 0 0 0 0 0 0 0 0 0 0 0 0 0 0 5 0 0 0 0 0 0 0 0 0 0 0 0 0 0 0 0 0 0 0 0 0 0 0 0 0 0 0 0 0 0 0 0 0 0 
0 0 0 0 0 0 0 0 0 0 0 0 0 0 0 0 0 0 0 0 0 0 0 0 0 0 0 0 0 0 0 0 0 0 0 0 0 0 0 0 0 0 0 0 0 0 0 0 0 0 0 0 0 0 0 0 0 0 0 0 0 0 0 0 0 0 0 0 0 0 5 0 0 0 0 0 0 0 0 0 0 0 0 0 0 0 0 0 0 0 0 0 0 0 0 0 0 0 0 0 
0 0 0 0 0 0 0 0 0 0 0 0 0 0 0 0 0 0 0 0 0 0 0 0 0 0 0 0 0 0 0 0 0 0 0 0 0 0 0 0 0 0 0 0 0 0 1 0 0 0 0 0 0 0 0 0 0 0 0 0 0 0 0 0 0 0 1 0 0 0 0 0 0 0 0 0 0 0 0 0 0 0 0 0 0 0 0 0 0 0 0 0 0 0 0 0 0 0 0 0 
0 0 0 0 0 0 0 0 0 0 0 0 0 0 0 1 0 0 0 0 1 0 0 0 0 0 0 0 0 0 0 0 0 0 0 0 0 0 0 0 0 0 0 0 0 0 0 0 5 0 0 0 0 0 0 0 0 0 0 0 0 0 0 0 0 0 0 0 0 0 0 0 0 0 0 0 0 0 0 0 0 0 0 0 0 0 0 0 0 0 0 0 0 0 0 0 0 0 0 0 
0 0 0 0 0 0 0 0 0 0 0 0 0 0 0 0 0 0 0 0 0 0 5 0 0 0 0 0 0 0 0 0 0 0 0 0 0 0 0 0 0 0 0 0 0 0 0 0 2 0 0 0 0 0 0 0 0 0 0 0 0 0 0 0 0 0 0 0 0 0 0 0 0 0 0 0 0 0 0 0 0 0 0 0 5 0 0 0 0 0 0 0 0 0 0 0 0 0 0 0 
0 0 0 0 0 0 0 0 0 0 0 0 0 0 0 0 0 0 0 0 0 0 0 0 0 5 0 1 0 0 0 0 0 0 0 0 0 0 0 0 0 0 0 0 0 0 0 5 0 0 0 0 0 0 0 99 0 0 0 0 0 0 0 0 0 0 0 0 0 0 0 0 0 0 0 0 0 0 0 0 0 0 0 0 0 1 0 0 0 0 0 0 0 0 0 0 0 0 0 0 
0 0 0 0 0 0 0 0 0 0 0 0 0 0 0 0 0 0 0 0 0 0 0 0 0 0 0 0 0 0 0 0 0 0 0 0 0 0 0 0 0 0 0 0 0 0 0 0 0 0 0 0 0 0 0 0 0 0 0 0 0 0 0 0 0 0 0 0 0 0 0 0 0 0 0 0 0 0 0 0 0 0 0 0 0 0 0 0 0 0 0 0 0 0 0 0 0 0 0 0 
0 0 0 0 0 0 0 0 0 0 0 0 0 0 0 0 0 0 0 0 0 5 0 0 0 0 0 0 0 0 0 0 0 0 0 0 0 0 0 0 0 0 0 0 0 0 0 0 0 0 0 0 0 0 0 0 0 0 0 0 0 0 0 0 0 0 0 0 0 0 0 0 0 0 0 0 0 0 0 0 0 0 0 0 0 0 0 0 0 0 0 0 0 0 0 0 0 0 0 0 
0 0 0 0 0 0 0 0 0 0 0 0 0 0 0 0 0 0 0 0 0 0 0 0 0 0 0 0 0 0 0 0 0 0 0 0 0 0 0 0 0 0 0 0 0 0 0 0 0 0 0 0 0 0 0 0 0 0 0 1 0 0 0 0 0 0 0 0 0 0 0 0 0 0 0 0 0 0 0 0 0 0 0 0 0 0 0 0 0 0 0 0 0 0 0 0 0 0 0 0 
0 0 0 0 0 0 0 0 0 0 0 0 0 5 2 0 0 0 0 0 1 0 0 0 0 0 0 0 0 0 0 0 0 0 0 0 0 0 0 0 0 0 0 0 0 0 0 0 0 0 0 0 0 0 0 0 0 0 0 0 0 0 0 0 0 0 0 0 0 0 0 0 0 0 0 0 0 0 0 0 0 0 0 0 0 0 0 0 0 0 0 0 0 0 0 0 0 0 0 0 
0 0 0 0 0 0 0 0 0 0 0 0 0 0 0 0 0 0 0 0 0 0 0 0 0 0 0 0 0 0 0 0 0 0 0 0 0 0 0 0 0 0 0 0 0 0 0 0 0 0 0 0 0 0 0 0 0 0 0 0 0 0 0 0 0 0 0 0 0 0 0 0 0 0 0 0 0 0 0 0 0 0 0 0 0 0 0 0 0 0 0 0 0 0 0 0 0 0 0 0 
0 0 0 0 0 0 0 0 0 0 0 0 0 0 0 0 0 0 0 0 0 0 0 5 0 0 0 0 0 0 0 0 0 0 0 0 0 0 0 0 0 0 0 0 0 0 0 0 0 0 0 0 0 0 0 0 0 0 0 0 0 0 0 0 0 0 0 0 0 0 0 0 0 0 0 0 0 0 0 0 0 0 0 0 0 0 0 0 0 0 0 0 0 0 0 0 0 0 0 0 
0 0 0 0 0 0 0 0 0 0 0 0 0 1 0 0 0 0 0 0 0 0 0 0 0 0 0 0 0 0 0 0 0 0 0 0 0 0 0 0 0 0 1 0 0 0 0 0 0 0 0 0 0 0 0 0 0 0 0 0 0 0 0 0 0 0 0 0 0 0 0 0 0 0 0 0 0 0 0 0 0 0 0 0 0 0 0 0 0 0 0 0 0 0 0 0 0 0 0 0 
0 0 0 0 0 0 0 0 0 0 0 0 0 0 0 0 0 5 0 0 0 0 0 0 0 0 0 0 0 0 0 0 0 0 0 0 0 0 0 0 0 0 0 0 0 0 0 0 0 0 0 0 0 0 0 0 0 0 0 0 0 0 0 0 0 0 0 0 0 0 0 0 0 1 0 0 0 0 0 0 0 0 0 0 0 0 0 0 0 0 0 0 0 0 0 0 0 0 0 0 
0 0 0 0 0 0 0 0 0 0 0 0 0 0 0 0 0 0 0 0 0 0 0 0 0 0 0 0 0 0 0 0 0 0 0 0 0 0 0 0 0 0 0 0 0 0 0 0 0 0 0 0 0 0 0 0 0 0 0 0 0 0 0 0 0 0 0 0 0 0 0 0 0 0 0 0 0 0 0 0 0 0 0 0 0 0 0 0 0 0 0 0 0 0 0 0 0 0 0 0 
0 0 0 0 0 0 0 0 0 0 0 0 0 0 0 0 0 0 0 0 0 0 0 0 0 0 0 0 0 0 0 0 0 0 0 0 0 0 0 0 0 0 0 0 0 0 0 0 0 0 0 0 0 0 0 0 0 0 0 0 0 0 0 0 0 0 0 0 0 0 0 0 0 0 0 0 0 0 0 0 0 0 0 0 0 0 0 0 0 0 0 0 0 0 0 0 0 0 0 0 
0 0 0 0 0 0 0 0 0 0 0 0 0 0 0 0 0 0 0 0 0 0 0 0 0 0 0 0 0 0 0 0 0 0 0 0 0 0 0 0 0 0 0 0 0 0 0 0 0 0 0 0 0 0 0 0 0 0 0 0 0 0 0 0 0 0 0 0 0 0 0 0 0 0 0 0 0 0 0 0 0 0 0 0 0 0 0 0 0 0 0 0 0 0 0 0 0 0 0 0 
0 0 0 0 0 0 0 0 0 0 0 0 0 0 0 0 0 0 0 0 0 0 0 0 0 0 0 0 0 0 0 0 0 0 0 0 0 0 0 0 0 0 0 0 0 0 0 0 0 0 0 0 0 0 0 0 0 0 0 0 0 0 0 0 0 0 0 0 0 0 0 0 0 0 0 0 0 0 0 0 0 0 0 0 0 0 0 0 0 0 0 0 0 0 0 0 0 0 0 0 
0 0 0 0 0 0 0 0 0 0 0 0 0 0 0 0 0 99 0 0 0 0 0 0 0 0 1 0 0 0 0 0 0 0 0 0 0 0 0 0 0 0 0 0 0 0 0 0 0 0 0 0 0 0 0 0 0 0 0 0 0 0 0 0 0 0 0 0 0 0 0 0 0 0 0 0 0 0 0 0 0 0 0 0 0 99 0 0 0 0 0 0 0 0 0 0 0 0 0 0 
0 0 0 0 0 0 0 0 0 0 0 0 0 0 0 0 0 0 0 0 0 0 0 0 0 0 0 0 0 0 0 0 0 0 0 0 0 0 0 0 0 0 0 0 0 0 0 0 0 0 0 0 0 0 0 0 0 0 0 0 0 0 0 0 0 0 0 0 0 0 0 0 0 0 0 0 0 0 0 0 0 0 0 0 0 0 0 0 0 0 0 0 0 0 0 0 0 0 0 0 
0 0 0 0 0 0 0 0 0 0 0 0 0 0 0 0 0 0 0 0 0 0 0 0 0 0 0 0 0 0 0 0 0 0 0 0 0 0 0 0 0 0 0 0 0 0 0 0 0 0 0 0 0 0 0 0 0 0 0 0 0 0 0 0 0 0 0 0 0 0 0 0 0 0 0 0 0 0 0 0 0 0 0 0 0 0 0 0 0 0 0 0 0 0 0 0 0 0 0 0 
0 0 0 0 0 0 0 0 0 0 0 0 0 0 0 0 0 0 0 0 0 0 0 0 0 0 0 0 0 0 0 0 0 0 0 0 0 0 0 0 0 0 0 0 0 0 0 0 0 0 0 0 0 0 0 0 0 0 0 0 0 0 0 0 0 0 0 0 0 0 0 0 0 0 0 0 0 0 0 0 0 0 0 0 0 0 0 0 0 0 0 0 0 0 0 0 0 0 0 0 
0 0 0 0 0 0 0 0 0 0 0 0 0 0 0 0 0 0 0 0 0 0 0 0 0 0 0 0 0 0 0 0 0 0 0 0 0 0 0 0 0 0 0 0 0 0 0 0 0 0 0 0 0 0 0 0 0 0 0 0 0 0 0 0 0 0 0 0 0 0 0 0 0 0 0 0 0 0 0 0 0 0 0 0 0 0 0 0 0 0 0 0 0 0 0 0 0 0 0 0 
0 0 0 0 0 0 0 0 0 0 0 0 0 0 0 0 0 0 0 0 0 0 0 0 0 0 0 0 0 0 0 0 0 0 0 0 0 0 0 0 0 0 0 0 0 0 0 0 0 0 0 0 0 0 0 0 0 0 0 0 0 0 0 0 0 0 0 0 0 0 0 0 0 0 0 0 0 0 0 0 0 0 0 0 0 0 0 0 0 0 0 0 0 0 0 0 0 0 0 0 
0 0 0 0 0 0 0 0 0 0 0 0 0 0 0 0 0 0 0 0 0 0 0 0 0 0 0 0 0 0 0 0 0 0 0 0 0 0 0 0 0 0 0 0 0 0 0 0 0 0 0 0 0 0 0 0 0 0 0 0 0 0 0 0 0 0 0 0 0 0 0 0 0 0 0 0 0 0 0 0 0 0 0 0 0 0 0 0 0 0 0 0 0 0 0 0 0 0 0 0 
0 0 0 0 0 0 0 0 0 0 0 0 0 0 5 0 0 0 0 0 0 0 0 0 0 0 0 0 0 0 0 0 0 0 0 0 0 0 0 0 0 0 0 0 0 0 0 0 0 0 0 0 0 0 0 0 0 0 0 0 0 0 0 0 0 0 0 0 0 0 0 0 0 0 0 0 0 0 0 0 0 0 0 0 5 0 0 0 0 0 0 0 0 0 0 0 0 0 0 0 
0 0 0 0 0 0 0 0 0 0 0 0 0 0 0 0 0 0 0 0 0 0 0 0 0 0 0 0 0 0 0 0 0 0 0 0 0 0 0 0 0 0 0 0 5 0 0 0 0 0 0 0 0 0 0 0 0 0 0 0 0 0 0 0 0 0 0 0 0 0 0 0 0 0 0 0 0 0 0 0 0 0 5 0 0 0 0 0 0 0 0 0 0 0 0 0 0 0 0 0 
0 0 0 0 0 0 0 0 0 0 0 0 0 1 0 0 0 0 0 0 0 0 0 0 0 0 0 0 0 0 0 0 0 0 0 0 0 0 0 0 0 0 0 0 0 0 0 0 0 0 0 0 0 0 0 0 0 0 0 0 0 0 0 0 0 0 0 0 0 0 0 0 0 0 0 0 0 0 0 5 0 0 0 0 0 0 0 0 0 0 0 0 0 0 0 0 0 0 0 0 
0 0 0 0 0 0 0 0 0 0 0 0 0 0 0 0 0 0 5 0 0 0 0 0 0 0 0 0 0 0 0 0 0 0 0 0 0 0 0 0 0 0 0 0 1 0 0 0 0 0 0 0 0 0 0 0 0 0 0 0 0 0 0 0 0 0 0 0 0 0 0 0 0 0 0 0 0 0 0 0 0 0 0 0 1 0 0 0 0 0 0 0 0 0 0 0 0 0 0 0 
0 0 0 0 0 0 0 0 0 0 0 0 0 0 0 0 0 0 0 0 0 0 0 0 0 0 0 0 0 0 0 0 0 0 0 0 0 0 0 0 0 0 0 0 0 0 0 0 0 0 0 0 99 0 0 5 0 0 0 0 0 0 0 0 0 1 0 0 0 0 0 0 0 0 0 0 0 0 0 0 0 0 0 0 0 0 0 0 0 0 0 0 0 0 0 0 0 0 0 0 
0 0 0 0 0 0 0 0 0 0 0 0 0 0 0 0 0 0 0 0 0 0 0 0 0 0 0 0 0 0 0 0 0 0 0 0 0 0 0 0 0 0 0 5 0 0 0 0 0 0 0 0 0 0 0 0 0 1 0 0 0 0 0 0 0 0 0 0 0 0 0 0 0 0 0 0 0 2 0 5 99 0 0 5 0 0 0 0 0 0 0 0 0 0 0 0 0 0 0 0 
0 0 0 0 0 0 0 0 0 0 0 0 2 0 5 0 0 0 0 0 0 0 0 0 0 0 0 0 0 0 0 0 0 0 0 0 0 0 0 0 0 0 0 0 0 0 0 0 0 0 0 0 0 0 0 0 0 0 0 0 0 0 0 0 0 0 0 0 0 0 0 0 0 0 0 5 0 0 0 0 0 0 0 0 0 0 0 0 0 0 0 0 0 0 0 0 0 0 0 0 
0 0 0 0 0 0 0 0 0 0 0 0 0 0 0 0 0 0 0 0 0 0 0 0 0 0 0 0 0 0 0 0 0 0 0 0 0 0 0 0 0 0 0 0 0 0 5 0 0 0 0 0 5 0 0 0 0 0 5 0 0 0 0 0 0 0 0 0 0 0 0 0 0 0 0 0 0 0 0 0 0 0 0 0 0 0 0 0 0 0 0 0 0 0 0 0 0 0 0 0 
0 0 0 0 0 0 0 0 0 0 0 0 0 0 0 0 0 0 0 5 0 0 0 0 0 0 0 0 0 0 0 0 0 0 0 0 0 0 0 0 0 0 0 0 0 0 0 0 0 0 0 0 0 0 5 0 0 0 0 0 0 0 0 0 0 0 0 0 0 0 0 0 0 0 0 0 0 0 5 0 0 0 0 0 0 0 0 0 0 0 0 0 0 0 0 0 0 0 0 0 
0 0 0 0 0 0 0 0 0 0 0 0 0 0 0 0 0 0 0 0 0 0 0 0 0 0 0 0 0 0 0 0 0 0 0 0 0 0 0 0 0 0 0 0 0 0 0 1 0 0 0 0 0 2 0 0 0 1 0 0 0 0 0 0 0 0 0 0 0 0 0 0 0 0 0 0 0 0 0 0 0 0 0 0 0 0 0 0 0 0 0 0 0 0 0 0 0 0 0 0 
0 0 0 0 0 0 0 0 0 0 0 0 0 0 0 0 0 5 0 1 0 0 0 0 0 0 0 0 0 0 0 0 0 0 0 0 0 0 0 0 0 0 0 0 0 0 0 0 0 0 5 0 0 0 5 0 0 5 0 0 0 0 0 0 0 0 0 0 0 0 0 0 0 0 0 0 0 0 0 0 0 0 0 5 0 0 0 0 0 0 0 0 0 0 0 0 0 0 0 0 
0 0 0 0 0 0 0 0 0 0 0 0 0 0 0 0 0 0 0 0 0 0 0 0 0 99 0 0 0 0 0 0 0 0 0 0 0 0 0 0 0 0 0 0 0 0 0 0 0 0 0 0 0 0 0 0 0 0 0 0 5 0 0 0 0 0 0 0 0 0 0 0 0 0 0 0 0 0 0 0 0 1 0 0 0 0 0 0 0 0 0 0 0 0 0 0 0 0 0 0 
0 0 0 0 0 0 0 0 0 0 0 0 0 0 5 0 0 0 0 0 0 0 0 0 0 0 0 0 0 0 0 0 0 0 0 0 0 0 0 0 0 0 0 0 0 0 0 0 0 0 0 0 0 0 0 0 0 0 0 0 1 0 0 0 0 0 0 0 0 0 0 0 0 0 0 0 0 0 0 0 0 0 0 0 0 0 0 0 0 0 0 0 0 0 0 0 0 0 0 0 
0 0 0 0 0 0 0 0 0 0 0 0 0 0 0 0 0 0 0 0 0 0 0 0 0 0 0 0 0 0 0 0 0 0 0 0 0 0 0 0 0 0 0 0 0 0 0 0 0 0 0 0 0 0 0 0 0 0 0 0 0 0 0 0 0 0 0 0 0 0 0 0 0 0 0 0 0 0 0 0 5 0 0 0 0 0 0 0 0 0 0 0 0 0 0 0 0 0 0 0 
0 0 0 0 0 0 0 0 0 0 0 0 0 0 0 0 0 0 0 0 0 0 0 0 0 0 0 0 0 0 0 0 0 0 0 0 0 0 0 0 0 0 0 0 0 0 0 0 0 0 0 0 0 0 0 0 0 0 0 0 0 0 0 0 0 0 0 0 0 0 0 0 0 0 0 0 0 0 0 0 0 0 0 0 0 0 0 0 0 0 0 0 0 0 0 0 0 0 0 0 
0 0 0 0 0 0 0 0 0 0 0 0 0 0 0 0 0 0 0 0 0 0 0 0 0 0 0 0 0 0 0 0 0 0 1 0 0 0 0 0 0 0 0 0 0 0 0 0 0 0 0 0 0 0 0 0 0 0 0 0 0 0 0 0 0 0 0 0 0 0 0 0 0 0 0 0 0 0 0 0 0 0 0 0 0 0 0 0 0 0 0 0 0 0 0 0 0 0 0 0 
0 0 0 0 0 0 0 0 0 0 0 0 0 0 0 0 0 0 0 0 0 0 0 0 0 0 0 0 0 0 0 0 0 0 0 0 0 0 0 0 0 0 0 0 0 0 0 0 0 0 0 0 0 0 0 0 0 0 0 0 0 0 0 0 0 0 0 0 0 0 0 0 0 0 0 0 0 0 0 0 0 0 0 0 0 0 0 0 0 0 0 0 0 0 0 0 0 0 0 0 
0 0 0 0 0 0 0 0 0 0 0 0 0 0 0 0 0 0 0 0 0 0 0 1 0 0 0 0 0 0 0 0 0 0 0 0 0 0 0 0 0 0 0 0 0 0 0 0 0 0 0 0 0 0 0 0 0 0 0 0 0 0 0 0 0 0 0 0 0 0 0 0 0 0 0 0 0 0 0 0 0 0 0 0 0 0 0 0 0 0 0 0 0 0 0 0 0 0 0 0 
0 0 0 0 0 0 0 0 0 0 0 0 0 0 0 0 0 0 0 0 0 0 0 0 0 0 0 0 0 0 0 0 0 0 0 0 0 0 0 0 0 0 0 0 0 0 0 0 0 0 0 0 0 0 0 0 0 0 0 0 0 0 0 0 0 0 0 0 0 0 0 0 0 0 0 0 0 0 0 0 0 0 0 0 0 0 0 0 0 0 0 0 0 0 0 0 0 0 0 0 
0 0 0 0 0 0 0 0 0 0 0 0 0 0 0 0 0 0 0 0 0 0 0 0 0 0 0 0 0 0 0 0 0 0 0 0 0 0 0 0 0 0 0 0 0 0 0 0 0 0 0 0 0 0 0 0 0 0 0 0 0 0 0 0 0 0 0 0 0 0 0 0 0 0 0 0 0 0 0 0 0 0 0 0 0 0 0 0 0 0 0 0 0 0 0 0 0 0 0 0 
0 0 0 0 0 0 0 0 0 0 0 0 0 0 0 0 0 0 0 0 0 0 0 0 0 0 0 0 0 0 0 0 0 0 0 0 0 0 0 0 0 0 0 0 0 0 0 0 0 0 0 0 0 0 0 0 0 0 0 0 0 0 0 0 0 0 0 99 0 0 0 0 0 0 0 0 0 0 0 0 0 0 0 0 0 0 0 0 0 0 0 0 0 0 0 0 0 0 0 0 
0 0 0 0 0 0 0 0 0 0 0 0 0 0 0 0 0 0 0 0 0 0 0 0 0 0 0 0 0 0 0 0 0 0 0 0 0 0 0 0 0 0 0 0 0 0 0 0 0 0 0 0 0 0 0 0 0 0 0 0 0 0 0 0 0 0 0 0 0 0 0 0 0 0 0 0 0 0 0 0 0 0 0 0 0 0 0 0 0 0 0 0 0 0 0 0 0 0 0 0 
0 0 0 0 0 0 0 0 0 0 0 0 0 0 0 0 0 0 0 0 0 0 0 0 0 0 0 0 0 0 0 0 0 0 0 0 0 0 0 0 0 0 0 0 5 0 0 0 0 0 0 0 0 0 0 0 0 0 0 0 0 0 0 0 0 0 0 0 0 0 0 0 0 0 0 0 0 0 0 0 0 0 0 0 0 0 0 0 0 0 0 0 0 0 0 0 0 0 0 0 
0 0 0 0 0 0 0 0 0 0 0 0 0 0 0 0 0 0 0 0 0 0 0 0 0 0 0 0 0 0 0 0 0 0 0 0 0 0 0 0 0 0 0 0 0 0 5 0 0 0 0 0 0 0 0 0 0 0 0 0 0 0 0 0 0 0 0 0 0 0 0 0 0 0 0 0 0 0 0 0 0 0 0 0 0 0 0 0 0 0 0 0 0 0 0 0 0 0 0 0 
0 0 0 0 0 0 0 0 0 0 0 0 0 0 0 0 0 0 0 0 0 0 0 0 0 0 0 0 0 0 0 0 0 0 0 0 0 0 0 0 0 0 0 0 0 0 0 0 0 0 0 0 0 0 0 0 0 0 0 0 0 0 0 0 0 0 0 0 0 0 0 0 0 0 0 0 0 0 0 0 0 0 0 0 0 0 0 0 0 0 0 0 0 0 0 0 0 0 0 0 
0 0 0 0 0 0 0 0 0 0 0 0 0 0 0 0 0 0 0 0 0 0 0 0 0 0 0 1 0 0 0 0 0 0 0 0 0 0 0 0 0 0 0 0 0 0 0 0 0 0 0 0 0 0 0 0 0 0 0 0 0 0 0 0 0 0 0 0 0 0 0 0 0 0 0 0 0 0 0 0 0 0 0 0 0 0 0 0 0 0 0 0 0 0 0 0 0 0 0 0 
0 0 0 0 0 0 0 0 0 0 0 0 0 0 0 0 0 0 0 0 0 0 0 0 0 0 0 0 0 0 0 0 0 0 0 0 0 0 0 0 0 0 0 0 0 1 0 0 0 0 0 0 0 0 0 0 0 0 0 0 0 0 0 0 0 0 0 0 0 0 0 0 0 0 0 0 0 0 0 0 0 0 0 0 0 0 0 0 0 0 0 0 0 0 0 0 0 0 0 0 
0 0 0 0 0 0 0 0 0 0 0 0 0 0 0 0 0 0 0 0 0 0 0 0 0 0 0 0 0 0 0 0 0 0 0 0 0 0 0 0 0 0 0 0 0 0 0 0 0 0 0 0 0 0 0 0 0 0 0 0 0 0 0 0 0 0 0 0 0 0 0 0 0 0 0 0 0 0 0 0 0 0 0 0 0 0 0 0 0 0 0 0 0 0 0 0 0 0 0 0 
0 0 0 0 0 0 0 0 0 0 0 0 0 0 0 0 0 0 0 0 0 0 0 0 0 0 0 0 0 0 0 0 0 0 0 0 0 0 0 0 0 0 0 0 0 0 0 0 0 0 0 0 0 0 0 0 0 0 0 0 0 0 0 0 0 0 0 0 0 0 0 0 0 0 1 0 0 0 0 0 0 0 0 0 0 0 0 0 0 0 0 0 0 0 0 0 0 0 0 0 
0 0 0 0 0 0 0 0 0 0 0 0 0 0 0 0 0 0 0 0 0 0 0 0 0 0 0 0 0 0 0 0 0 0 0 0 0 0 0 0 0 0 0 0 0 0 0 0 0 0 0 0 0 0 0 0 0 0 0 0 0 0 0 0 0 0 0 0 0 0 0 0 0 0 0 0 0 0 0 0 0 0 0 0 0 0 0 0 0 0 0 0 0 0 0 0 0 0 0 0 
0 0 0 0 0 0 0 0 0 0 0 0 0 0 0 0 0 0 0 0 0 0 0 0 0 0 0 0 0 0 0 0 0 0 0 0 0 0 0 0 0 0 0 0 0 0 0 0 0 0 0 0 0 0 1 0 0 0 0 0 0 0 0 0 0 0 0 0 0 0 0 0 0 0 0 0 0 0 0 0 0 0 0 0 0 0 0 0 0 0 0 0 0 0 0 0 0 0 0 0 
0 0 0 0 0 0 0 0 0 0 0 0 0 0 0 0 0 0 0 0 0 0 0 0 0 0 0 0 0 0 0 0 0 0 0 0 0 0 0 0 0 0 0 0 0 0 0 0 0 0 0 0 0 0 0 0 0 0 0 0 0 0 0 0 0 0 0 0 0 0 0 0 0 0 0 0 0 0 0 0 0 0 0 0 0 0 0 0 0 0 0 0 0 0 0 0 0 0 0 0 
0 0 0 0 0 0 0 0 0 0 0 0 0 0 0 0 0 0 0 0 0 0 0 0 0 0 0 0 0 0 0 0 0 0 0 0 0 0 0 0 0 0 0 0 0 0 0 0 0 0 0 0 0 0 0 0 0 0 0 0 0 0 0 0 0 0 0 0 0 0 0 0 0 0 0 0 0 0 0 0 0 0 0 0 0 0 0 0 0 0 0 0 0 0 0 0 0 0 0 0 
0 0 0 0 0 0 0 0 0 0 0 0 0 0 0 0 0 0 0 0 0 0 0 0 0 0 0 0 0 0 0 0 0 0 0 0 0 0 0 0 0 0 0 0 0 0 0 0 0 0 0 0 0 0 0 0 0 0 0 0 0 0 0 0 0 0 0 0 0 0 0 0 0 0 0 0 0 0 0 0 0 0 0 0 0 0 0 0 0 0 0 0 0 0 0 0 0 0 0 0 
0 0 0 0 0 0 0 0 0 0 0 0 0 0 0 0 0 0 0 0 0 0 1 0 0 0 0 0 0 0 0 0 0 0 0 0 0 0 0 0 0 0 0 0 0 0 0 0 0 0 0 0 0 0 0 0 0 0 0 0 0 0 0 0 0 0 0 0 0 0 0 0 0 0 0 0 0 0 0 0 0 0 0 0 0 0 0 0 0 0 0 0 0 0 0 0 0 0 0 0 
0 0 0 0 0 0 0 0 0 0 0 0 0 0 5 0 0 0 0 0 0 0 0 0 0 0 0 0 0 0 0 0 0 0 0 0 0 0 0 0 0 0 0 0 0 0 0 0 0 0 0 0 0 0 0 0 0 0 0 0 0 0 0 0 0 0 0 0 0 0 0 0 0 0 0 0 0 0 0 0 99 0 0 0 0 0 0 0 0 0 0 0 0 0 0 0 0 0 0 0 
0 0 0 0 0 0 0 0 0 0 0 0 0 0 0 0 0 5 0 0 0 0 0 0 0 0 0 0 0 0 0 0 0 0 0 0 0 0 0 0 0 0 0 0 0 0 0 0 0 0 0 0 0 0 0 0 0 0 0 0 0 0 0 0 0 0 0 0 0 0 0 0 0 0 0 0 0 0 0 0 0 0 0 0 0 0 0 0 0 0 0 0 0 0 0 0 0 0 0 0 
0 0 0 0 0 0 0 0 0 0 0 0 0 1 0 0 0 0 0 0 99 0 0 0 0 0 0 0 0 0 0 0 0 0 0 0 0 0 0 0 0 0 0 0 0 0 0 0 0 0 0 0 0 0 0 0 0 0 0 0 0 0 0 0 0 0 0 0 0 0 0 0 0 0 0 0 0 0 0 0 0 0 0 0 0 0 0 0 0 0 0 0 0 0 0 0 0 0 0 0 
0 0 0 0 0 0 0 0 0 0 0 0 0 0 0 0 0 0 0 0 0 0 0 0 0 0 0 0 0 0 0 0 0 0 0 0 0 0 0 0 0 0 0 0 0 0 0 0 0 0 0 0 0 0 0 0 0 0 0 0 0 0 0 0 0 0 0 0 0 0 0 0 0 0 0 0 0 0 0 0 0 0 0 0 0 0 0 0 0 0 0 0 0 0 0 0 0 0 0 0 
0 0 0 0 0 0 0 0 0 0 0 0 0 0 0 0 0 0 0 0 0 0 0 0 0 0 0 0 0 0 0 0 0 0 0 0 0 0 0 0 0 0 0 0 0 0 0 0 0 0 0 0 0 0 0 0 0 0 0 0 0 0 0 0 0 0 0 0 0 0 0 0 0 0 0 0 0 0 0 0 0 0 0 0 0 0 0 0 0 0 0 0 0 0 0 0 0 0 0 0 
0 0 0 0 0 0 0 0 0 0 0 0 0 0 0 0 0 0 0 0 0 0 0 0 0 0 0 0 0 0 0 0 0 0 0 0 0 0 0 0 0 0 0 0 0 0 0 0 0 0 0 0 0 0 0 0 0 5 0 0 0 0 0 0 0 0 0 0 0 0 0 0 0 0 0 0 0 0 0 0 0 0 0 0 0 0 0 0 0 0 0 0 0 0 0 0 0 0 0 0 
0 0 0 0 0 0 0 0 0 0 0 0 0 0 0 2 0 0 0 0 0 0 1 0 0 0 0 0 0 0 0 0 0 0 0 5 0 0 0 0 0 0 0 0 0 0 0 0 0 0 0 0 0 0 0 0 0 0 0 0 0 0 0 0 0 0 0 0 0 0 0 0 0 0 0 0 0 0 0 0 0 0 0 0 0 0 0 0 0 0 0 0 0 0 0 0 0 0 0 0 
0 0 0 0 0 0 0 0 0 0 0 0 0 0 0 5 0 0 0 0 0 0 0 0 0 0 0 0 0 0 0 0 0 1 0 0 5 0 0 0 0 0 0 0 0 0 0 0 0 0 0 0 0 0 1 0 0 0 0 0 0 0 0 0 0 0 0 0 0 0 0 0 0 0 0 0 0 0 0 0 0 0 0 0 0 0 0 0 0 0 0 0 0 0 0 0 0 0 0 0 
0 0 0 0 0 0 0 0 0 0 0 0 0 0 0 0 0 0 0 0 0 0 0 0 0 0 0 0 0 0 0 0 0 0 0 0 0 0 0 0 0 0 0 0 0 0 0 0 0 0 0 0 0 0 0 0 0 0 0 1 0 0 0 0 0 0 0 0 0 0 0 0 0 0 0 0 0 0 0 0 0 0 0 0 0 0 0 0 0 0 0 0 0 0 0 0 0 0 0 0 
0 0 0 0 0 0 0 0 0 0 0 0 0 0 0 0 0 0 0 0 0 0 0 0 0 0 0 0 0 0 0 0 0 0 0 0 0 0 0 0 0 0 0 0 0 0 0 0 0 0 0 0 0 0 0 0 0 0 0 0 0 0 0 0 0 0 0 0 0 0 0 0 0 0 0 0 0 0 0 0 0 0 0 0 6 0 0 0 0 0 0 0 0 0 0 0 0 0 0 0 
0 0 0 0 0 0 0 0 0 0 0 0 0 0 0 0 0 0 0 0 0 0 0 0 0 0 0 0 0 0 0 0 0 0 0 0 0 0 0 0 0 0 0 0 0 0 0 0 0 0 0 0 0 0 0 0 0 0 0 0 0 0 0 0 0 0 0 0 0 0 0 0 0 0 0 0 0 0 0 0 0 0 0 0 0 0 0 0 0 0 0 0 0 0 0 0 0 0 0 0 
0 0 0 0 0 0 0 0 0 0 0 0 0 0 0 0 0 0 0 0 0 0 0 0 0 0 0 0 0 0 0 0 0 0 0 0 0 0 0 0 0 0 0 0 0 0 0 0 0 0 0 0 0 0 0 0 0 0 0 0 0 0 0 0 0 0 0 0 0 0 0 0 0 0 0 0 0 0 0 0 0 0 0 0 0 0 0 0 0 0 0 0 0 0 0 0 0 0 0 0 
0 0 0 0 0 0 0 0 0 0 0 0 0 0 0 0 0 0 0 0 0 0 0 0 0 0 0 0 0 0 0 0 0 0 0 0 0 0 0 0 0 0 0 0 0 0 0 0 0 0 0 0 0 0 0 0 0 0 0 0 0 0 0 0 0 0 0 0 0 0 0 0 0 0 0 0 0 0 0 0 0 0 0 0 0 0 0 0 0 0 0 0 0 0 0 0 0 0 0 0 
0 0 0 0 0 0 0 0 0 0 0 0 0 0 0 0 0 0 0 0 0 0 0 0 0 0 0 0 0 0 0 0 0 0 0 0 0 0 0 0 0 0 0 0 0 0 0 0 0 0 0 0 0 0 0 0 0 0 0 0 0 0 0 0 0 0 0 0 0 0 0 0 0 0 0 0 0 0 0 0 0 0 0 0 0 0 0 0 0 0 0 0 0 0 0 0 0 0 0 0 
0 0 0 0 0 0 0 0 0 0 0 0 0 0 0 0 0 0 0 0 0 0 0 0 0 0 0 0 0 0 0 0 0 0 0 0 0 0 0 0 0 0 0 0 0 0 0 0 0 0 0 0 0 0 0 0 0 0 0 0 0 0 0 0 0 0 0 0 0 0 0 0 0 0 0 0 0 0 0 0 0 0 0 0 0 0 0 0 0 0 0 0 0 0 0 0 0 0 0 0 
0 0 0 0 0 0 0 0 0 0 0 0 0 0 0 0 0 0 0 0 0 0 0 0 0 0 0 0 0 0 0 0 0 0 0 0 0 0 0 0 0 0 0 0 0 0 0 0 0 0 0 0 0 0 0 0 0 0 0 0 0 0 0 0 0 0 0 0 0 0 0 0 0 0 0 0 0 0 0 0 0 0 0 0 0 0 0 0 0 0 0 0 0 0 0 0 0 0 0 0 
0 0 0 0 0 0 0 0 0 0 0 0 0 0 0 0 0 0 0 0 0 0 0 0 0 0 0 0 0 0 0 0 0 0 0 0 0 0 0 0 0 0 0 0 0 0 0 0 0 0 0 0 0 0 0 0 0 0 0 0 0 0 0 0 0 0 0 0 0 0 0 0 0 0 0 0 0 0 0 0 0 0 0 0 0 0 0 0 0 0 0 0 0 0 0 0 0 0 0 0 